Defective embedding notation 3,Main,Note
"(1,0)1","BMS(0)"
"(1,0)1(2)1","(0)(0)"
"(1,0)1(2,1)1","(0)(1)"
"(1,0)1(2,1)1(3,0)1(4,3)1","(0)(1)(0)(1)"
"(1,0)1(2,1)1(3,0)1(4,3)1(5,0)1(6,5)1","(0)(1)(0)(1)(0)(1)"
"(1,0)1(2,1)1(3,1)1","(0)(1)(1)"
"(1,0)1(2,1)1(3,2)1","(0)(1)(2)"
"(1,0)1(2,1)1(3,2)1(4,1)1","(0)(1)(2)(1)"
"(1,0)1(2,1)1(3,2)1(4,1)1(5,4)1","(0)(1)(2)(1)(2)"
"(1,0)1(2,1)1(3,2)1(4,2)1","(0)(1)(2)(2)"
"(1,0)1(2,1)1(3,2)1(4,3)1","(0)(1)(2)(3)"
"(1,0)1(2,1,0)1","(0)(1,1)","(2,1,0)相当于(x,1)的作用。"
"(1,0)1(2,1,0)1(3,0)1(4,3,0)1","(0)(1,1)(0)(1,1)"
"(1,0)1(2,1,0)1(3,1)1","(0)(1,1)(1)"
"(1,0)1(2,1,0)1(3,1)1(4,1)1","(0)(1,1)(1)(1)"
"(1,0)1(2,1,0)1(3,1)1(4,3)1","(0)(1,1)(1)(2)","这里类似于标记父项。"
"(1,0)1(2,1,0)1(3,1)1(4,3,1)1","(0)(1,1)(1)(2,1)"
"(1,0)1(2,1,0)1(3,1)1(4,3,1)1(5,1)1(6,5,1)1","(0)(1,1)(1)(2,1)(1)(2,1)"
"(1,0)1(2,1,0)1(3,1)1(4,3,1)1(5,3)1","(0)(1,1)(1)(2,1)(2)"
"(1,0)1(2,1,0)1(3,1)1(4,3,1)1(5,3)1(6,5,3)1","(0)(1,1)(1)(2,1)(2)(3,1)"
"(1,0)1(2,1,0)1(3,1,0)1","(0)(1,1)(1,1)"
"(1,0)1(2,1,0)1(3,1,0)1(4,0)1(5,4,0)1(6,4,0)1","(0)(1,1)(1,1)(0)(1,1)(1,1)"
"(1,0)1(2,1,0)1(3,1,0)1(4,1)1","(0)(1,1)(1,1)(1)"
"(1,0)1(2,1,0)1(3,1,0)1(4,1)1(5,4,1)1(6,4,1)1","(0)(1,1)(1,1)(1)(2,1)(2,1)"
"(1,0)1(2,1,0)1(3,1,0)1(4,1)1(5,4,1)1(6,4,1)1(7,1)1(8,7,1)1(9,7,1)1","(0)(1,1)(1,1)(1)(2,1)(2,1)(1)(2,1)(2,1)"
"(1,0)1(2,1,0)1(3,1,0)1(4,1)1(5,4,1)1(6,4,1)1(7,4)1","(0)(1,1)(1,1)(1)(2,1)(2,1)(2)"
"(1,0)1(2,1,0)1(3,1,0)1(4,1)1(5,4,1)1(6,4,1)1(7,4)1(8,7,4)1(9,7,4)1","(0)(1,1)(1,1)(1)(2,1)(2,1)(2)(3,1)(3,1)"
"(1,0)1(2,1,0)1(3,1,0)1(4,1,0)1","(0)(1,1)(1,1)(1,1)"
"(1,0)1(2,1,0)1(3,1,0)1(4,1,0)1(5,1)1(6,5,1)1(7,5,1)1(8,5,1)1","(0)(1,1)(1,1)(1,1)(1)(2,1)(2,1)(2,1)"
"(1,0)1(2,1,0)1(3,1,0)1(4,1,0)1(5,1,0)1","(0)(1,1)(1,1)(1,1)(1,1)"
"(1,0)1(2,1,0)1(3,2)1","(0)(1,1)(2)"
"(1,0)1(2,1,0)1(3,2)1(4,1)1","(0)(1,1)(2)(1)"
"(1,0)1(2,1,0)1(3,2)1(4,1)1(5,4,1)1(6,5)1","(0)(1,1)(2)(1)(2,1)(3)"
"(1,0)1(2,1,0)1(3,2)1(4,1,0)1","(0)(1,1)(2)(1,1)"
"(1,0)1(2,1,0)1(3,2)1(4,1,0)1(5,4)1","(0)(1,1)(2)(1,1)(2)"
"(1,0)1(2,1,0)1(3,2)1(4,2)1","(0)(1,1)(2)(2)"
"(1,0)1(2,1,0)1(3,2)1(4,3)1","(0)(1,1)(2)(3)"
"(1,0)1(2,1,0)1(3,2)1(4,3,2)1","(0)(1,1)(2)(3,1)"
"(1,0)1(2,1,0)1(3,2,1,0)2","(0)(1,1)(2,1)","二行传递所在地。这里的3,2,1,0和2,1,0相似，但不是3,2,0。"
"(1,0)1(2,1,0)1(3,2,1,0)2(4,0)1(5,4,0)1(6,5,4,0)2","(0)(1,1)(2,1)(0)(1,1)(2,1)"
"(1,0)1(2,1,0)1(3,2,1,0)2(4,1)1","(0)(1,1)(2,1)(1)"
"(1,0)1(2,1,0)1(3,2,1,0)2(4,1,0)1","(0)(1,1)(2,1)(1,1)"
"(1,0)1(2,1,0)1(3,2,1,0)2(4,1,0)1(5,1,0)1","(0)(1,1)(2,1)(1,1)(1,1)"
"(1,0)1(2,1,0)1(3,2,1,0)2(4,1,0)1(5,4)1","(0)(1,1)(2,1)(1,1)(2)"
"(1,0)1(2,1,0)1(3,2,1,0)2(4,1,0)1(5,4)1(6,5,4)1","(0)(1,1)(2,1)(1,1)(2)(3,1)"
"(1,0)1(2,1,0)1(3,2,1,0)2(4,1,0)1(5,4)1(6,5,4)1(7,6,5,4)2","(0)(1,1)(2,1)(1,1)(2)(3,1)(4,1)"
"(1,0)1(2,1,0)1(3,2,1,0)2(4,1,0)1(5,4)1(6,5,4)1(7,6,5,4)2(8,5,4)1","(0)(1,1)(2,1)(1,1)(2)(3,1)(4,1)(3,1)"
"(1,0)1(2,1,0)1(3,2,1,0)2(4,1,0)1(5,4,1,0)2","(0)(1,1)(2,1)(1,1)(2,1)"
"(1,0)1(2,1,0)1(3,2,1,0)2(4,2)1","(0)(1,1)(2,1)(2)","Redeclare: (4,2)的2应该是第二项。"
"(1,0)1(2,1,0)1(3,2,1,0)2(4,2)1(5,4,2)1","(0)(1,1)(2,1)(2)(3,1)"
"(1,0)1(2,1,0)1(3,2,1,0)2(4,2)1(5,4,2)1(6,5,4,2)2","(0)(1,1)(2,1)(2)(3,1)(4,1)"
"(1,0)1(2,1,0)1(3,2,1,0)2(4,2,1,0)2","(0)(1,1)(2,1)(2,1)"
"(1,0)1(2,1,0)1(3,2,1,0)2(4,3)1","(0)(1,1)(2,1)(3)"
"(1,0)1(2,1,0)1(3,2,1,0)2(4,3,2,1,0)3","(0)(1,1)(2,1)(3,1)","(4,3,2,1,0)应该是(1,0)1(2,1,0)1(3,2,1,0)2(4,3,2)1的产物，我不知道，反正和(3,2,1,0)类似。"
"(1,0)1(2,1,0)1(3,2,1,0)2(4,3,2,1,0)3(5,2,1,0)2","(0)(1,1)(2,1)(3,1)(2,1)"
"(1,0)1(2,1,0)1(3,2,1,0)2(4,3,2,1,0)3(5,2,1,0)2(6,5,2,1,0)3","(0)(1,1)(2,1)(3,1)(2,1)(3,1)"
"(1,0)1(2,1,0)1(3,2,1,0)2(4,3,2,1,0)3(5,3,2,1,0)3","(0)(1,1)(2,1)(3,1)(3,1)"
"(1,0)1(2,1,0)1(3,2,1,0)2(4,3,2,1,0)3(5,4)1","(0)(1,1)(2,1)(3,1)(4)"
"(1,0)1(2,1,0)1(3,2,1,0)2(4,3,2,1,0)3(5,4,2,1,0)3","(0)(1,1)(2,1)(3,1)(4,1)"
"(1,0)1(2,1,0)1(3,2,1,0)2(4,3,2,1,0)3(5,4,2,1,0)3(6,3,2,1,0)3","(0)(1,1)(2,1)(3,1)(4,1)(3,1)"
"(1,0)1(2,1,0)1(3,2,1,0)2(4,3,2,1,0)3(5,4,2,1,0)3(6,4,2,1,0)3","(0)(1,1)(2,1)(3,1)(4,1)(4,1)","这里63210和64210容易混淆，看第二项指的是den3整体哪个项就可以了。"
"(1,0)1(2,1,0)1(3,2,1,0)2(4,3,2,1,0)3(5,4,2,1,0)3(6,5,2,1,0)3","(0)(1,1)(2,1)(3,1)(4,1)(5,1)"
"(1,0)1(2,1,0)1(3,2,1,0)2(4,3,2,1,0)3(5,4,3)1","(0)(1,1)(2,2)","这里开始错层，相当于(0)(1,1)(2,1)(3,1)(4,2)。"
"(1,0)1(2,1,0)1(3,2,1,0)2(4,3,2,1,0)3(5,4,3)1(6,3,2,1,0)3","(0)(1,1)(2,2)(2,1)(3,2)(3,1)","(0)(1,1)(2,1)(3,1)(4,2)(3,1) 这里直接补层Apply"
"(1,0)1(2,1,0)1(3,2,1,0)2(4,3,2,1,0)3(5,4,3)1(6,3,2,1,0)3(7,6,3)1","(0)(1,1)(2,2)(2,1)(3,2)(3,1)(4,2)","(0)(1,1)(2,1)(3,1)(4,2)(3,1)(4,2)"
"(1,0)1(2,1,0)1(3,2,1,0)2(4,3,2,1,0)3(5,4,3)1(6,4)1","(0)(1,1)(2,2)(2,1)(3,2)(3,1)(4,2)(4)","(0)(1,1)(2,1)(3,1)(4,2)(4)"
"(1,0)1(2,1,0)1(3,2,1,0)2(4,3,2,1,0)3(5,4,3)1(6,4,2,1,0)3","(0)(1,1)(2,2)(2,1)(3,2)(3,1)(4,2)(4,1)","(0)(1,1)(2,1)(3,1)(4,2)(4,1)"
"(1,0)1(2,1,0)1(3,2,1,0)2(4,3,2,1,0)3(5,4,3)1(6,4,2,1,0)3(7,6,4)1","(0)(1,1)(2,2)(2,1)(3,2)(3,1)(4,2)(4,1)(5,2)","(0)(1,1)(2,1)(3,1)(4,2)(4,1)(5,2)"
"(1,0)1(2,1,0)1(3,2,1,0)2(4,3,2,1,0)3(5,4,3)1(6,4,3)1","(0)(1,1)(2,2)(2,2)"
"(1,0)1(2,1,0)1(3,2,1,0)2(4,3,2,1,0)3(5,4,3)1(6,5)1","(0)(1,1)(2,2)(3)"
"(1,0)1(2,1,0)1(3,2,1,0)2(4,3,2,1,0)3(5,4,3)1(6,5,2,1,0)3","(0)(1,1)(2,2)(3,1)"
"(1,0)1(2,1,0)1(3,2,1,0)2(4,3,2,1,0)3(5,4,3)1(6,5,2,1,0)3(7,6,5)1","(0)(1,1)(2,2)(3,1)(4,2)"
"(1,0)1(2,1,0)1(3,2,1,0)2(4,3,2,1,0)3(5,4,3)1(6,5,4,3)2","(0)(1,1)(2,2)(3,2)","这里(6,5,4,3)的行为和(3,2,1,0)类似"
"(1,0)1(2,1,0)1(3,2,1,0)2(4,3,2,1,0)3(5,4,3)1(6,5,4,3)2(7,4,3)1","(0)(1,1)(2,2)(3,2)(2,2)"
"(1,0)1(2,1,0)1(3,2,1,0)2(4,3,2,1,0)3(5,4,3)1(6,5,4,3)2(7,4,3)1(8,7,4,3)2","(0)(1,1)(2,2)(3,2)(2,2)(3,2)"
"(1,0)1(2,1,0)1(3,2,1,0)2(4,3,2,1,0)3(5,4,3)1(6,5,4,3)2(7,5)1","(0)(1,1)(2,2)(3,2)(3)"
"(1,0)1(2,1,0)1(3,2,1,0)2(4,3,2,1,0)3(5,4,3)1(6,5,4,3)2(7,5,2,1,0)3","(0)(1,1)(2,2)(3,2)(3,1)"
"(1,0)1(2,1,0)1(3,2,1,0)2(4,3,2,1,0)3(5,4,3)1(6,5,4,3)2(7,5,4,3)2","(0)(1,1)(2,2)(3,2)(3,2)"
"(1,0)1(2,1,0)1(3,2,1,0)2(4,3,2,1,0)3(5,4,3)1(6,5,4,3)2(7,6,2,1,0)3","(0)(1,1)(2,2)(3,2)(4,1)"
"(1,0)1(2,1,0)1(3,2,1,0)2(4,3,2,1,0)3(5,4,3)1(6,5,4,3)2(7,6,5,4,3)3","(0)(1,1)(2,2)(3,2)(4,2)"
"(1,0)1(2,1,0)1(3,2,1,0)2(4,3,2,1,0)3(5,4,3)1(6,5,4,3)2(7,6,5,4,3)3(8,7,5,4,3)3","(0)(1,1)(2,2)(3,2)(4,2)(5,2)","观察到了吗？有类似于(0)(1,1)(2,1)(3,1)(4,1)的垫层。"
"(1,0)1(2,1,0)1(3,2,1,0)2(4,3,2,1,0)3(5,4,3)1(6,5,4,3)2(7,6,5,4,3)3(8,7,6)1","(0)(1,1)(2,2)(3,3)","这里是76543 87543 98543... 和43210 54210 65210类似，只是把Ω提到了Ω_2"
"(1,0)1(2,1,0)1(3,2,1,0)2(4,3,2,1,0)3(5,4,3)1(6,5,4,3)2(7,6,5,4,3)3(8,7,6)1(9,8,7,6)2","(0)(1,1)(2,2)(3,3)(4,3)"
"(1,0)1(2,1,0)1(3,2,1,0)2(4,3,2,1,0)3(5,4,3)1(6,5,4,3)2(7,6,5,4,3)3(8,7,6)1(9,8,7,6)2(10,9,8,7,6)3","(0)(1,1)(2,2)(3,3)(4,3)(5,3)"
"(1,0)1(2,1,0)1(3,2,1,0)2(4,3,2,1,0)3(5,4,3)1(6,5,4,3)2(7,6,5,4,3)3(8,7,6)1(9,8,7,6)2(10,9,8,7,6)3(11,10,9)1","(0)(1,1)(2,2)(3,3)(4,4)","109876 ...也是同理"
"(1,0)1(2,1,0)1(3,2,1,0)2(4,3,2,1,0)3(5,*4,3,2,1,0)3","(0)(1,1,1)","这里的543210 3提升了210. 这个是(0)(1,1)(2,1)(3,1)(4,2,1)的类似物"
"(1,0)1(2,1,0)1(3,2,1,0)2(4,3,2,1,0)3(5,*4,3,2,1,0)3(6,1,0)1","(0)(1,1,1)(1,1)"
"(1,0)1(2,1,0)1(3,2,1,0)2(4,3,2,1,0)3(5,*4,3,2,1,0)3(6,1,0)1(7,6,1,0)2(8,7,6,1,0)3(9,*8,7,6,1,0)3","(0)(1,1,1)(1,1)(2,2,1)"
"(1,0)1(2,1,0)1(3,2,1,0)2(4,3,2,1,0)3(5,*4,3,2,1,0)3(6,2)1","(0)(1,1,1)(1,1)(2,2,1)(2)"
"(1,0)1(2,1,0)1(3,2,1,0)2(4,3,2,1,0)3(5,*4,3,2,1,0)3(6,2,1,0)2","(0)(1,1,1)(1,1)(2,2,1)(2,1)"
"(1,0)1(2,1,0)1(3,2,1,0)2(4,3,2,1,0)3(5,*4,3,2,1,0)3(6,2,1,0)2(7,6,2,1,0)3(8,7,2,1,0)3","(0)(1,1,1)(1,1)(2,2,1)(2,1)(3,1)(4,1)"
"(1,0)1(2,1,0)1(3,2,1,0)2(4,3,2,1,0)3(5,*4,3,2,1,0)3(6,2,1,0)2(7,6,2,1,0)3(8,7,6)1","(0)(1,1,1)(1,1)(2,2,1)(2,1)(3,2)"
"(1,0)1(2,1,0)1(3,2,1,0)2(4,3,2,1,0)3(5,*4,3,2,1,0)3(6,2,1,0)2(7,6,2,1,0)3(8,7,6)1(9,8,7,6)2","(0)(1,1,1)(1,1)(2,2,1)(2,1)(3,2)(4,2)"
"(1,0)1(2,1,0)1(3,2,1,0)2(4,3,2,1,0)3(5,*4,3,2,1,0)3(6,2,1,0)2(7,6,2,1,0)3(8,7,6)1(9,8,7,6)2(10,9,8,7,6)3","(0)(1,1,1)(1,1)(2,2,1)(2,1)(3,2)(4,2)(5,2)"
"(1,0)1(2,1,0)1(3,2,1,0)2(4,3,2,1,0)3(5,*4,3,2,1,0)3(6,2,1,0)2(7,6,2,1,0)3(8,7,6)1(9,8,7,6)2(10,9,8,7,6)3(11,*10,9,8,7,6)3","(0)(1,1,1)(1,1)(2,2,1)(2,1)(3,2,1)"
"(1,0)1(2,1,0)1(3,2,1,0)2(4,3,2,1,0)3(5,*4,3,2,1,0)3(6,2,1,0)2(7,6,2,1,0)3(8,7,6)1(9,8,7,6)2(10,9,8,7,6)3(11,*10,9,8,7,6)3(12,7,6)1","(0)(1,1,1)(1,1)(2,2,1)(2,2)"
"(1,0)1(2,1,0)1(3,2,1,0)2(4,3,2,1,0)3(5,*4,3,2,1,0)3(6,2,1,0)2(7,6,2,1,0)3(8,7,6)1(9,8,7,6)2(10,9,8,7,6)3(11,*10,9,8,7,6)3(12,7,6)1(13,12,7,6)2(14,13,12,7,6)3(15,*14,13,12,7,6)3","(0)(1,1,1)(1,1)(2,2,1)(2,2)(3,3,1)","这里对应，产生错层(0)(1,1,1)(1,1)(2,2,1)(2,1)(3,2,1)(3,2)(4,3,1)"
"(1,0)1(2,1,0)1(3,2,1,0)2(4,3,2,1,0)3(5,*4,3,2,1,0)3(6,2,1,0)2(7,6,2,1,0)3(8,7,6)1(9,8,7,6)2(10,9,8,7,6)3(11,*10,9,8,7,6)3(12,7,6)1(13,12,7,6)2(14,13,12,7,6)3(15,*14,13,12,7,6)3(16,7,6)1(17,16,7,6)2(18,17,16,7,6)3(19,*18,17,16,7,6)3","(0)(1,1,1)(1,1)(2,2,1)(2,2)(3,3,1)(2,2)(3,3,1)"
"(1,0)1(2,1,0)1(3,2,1,0)2(4,3,2,1,0)3(5,*4,3,2,1,0)3(6,2,1,0)2(7,6,2,1,0)3(8,7,6)1(9,8,7,6)2(10,9,8,7,6)3(11,*10,9,8,7,6)3(12,8)1","(0)(1,1,1)(1,1)(2,2,1)(2,2)(3,3,1)(3)","这里876不小心接到11 10 9876后面了"
"(1,0)1(2,1,0)1(3,2,1,0)2(4,3,2,1,0)3(5,*4,3,2,1,0)3(6,2,1,0)2(7,6,2,1,0)3(8,7,6)1(9,8,7,6)2(10,9,8,7,6)3(11,*10,9,8,7,6)3(12,8,2,1,0)3(13,12,8)1","(0)(1,1,1)(1,1)(2,2,1)(2,2)(3,3,1)(3,1)(4,2)"
"(1,0)1(2,1,0)1(3,2,1,0)2(4,3,2,1,0)3(5,*4,3,2,1,0)3(6,2,1,0)2(7,6,2,1,0)3(8,7,6)1(9,8,7,6)2(10,9,8,7,6)3(11,*10,9,8,7,6)3(12,8,2,1,0)3(13,12,8)1(14,13,12,8)2(15,14,13,12,8)3(16,*15,14,13,12,8)3","(0)(1,1,1)(1,1)(2,2,1)(2,2)(3,3,1)(3,1)(4,2,1)"
"(1,0)1(2,1,0)1(3,2,1,0)2(4,3,2,1,0)3(5,*4,3,2,1,0)3(6,2,1,0)2(7,6,2,1,0)3(8,7,6)1(9,8,7,6)2(10,9,8,7,6)3(11,*10,9,8,7,6)3(12,8,7,6)2","(0)(1,1,1)(1,1)(2,2,1)(2,2)(3,3,1)(3,2)"
"(1,0)1(2,1,0)1(3,2,1,0)2(4,3,2,1,0)3(5,*4,3,2,1,0)3(6,2,1,0)2(7,6,2,1,0)3(8,7,6)1(9,8,7,6)2(10,9,8,7,6)3(11,*10,9,8,7,6)3(12,8,7,6)2(13,12,8,7,6)3(14,13,12)1(15,14,13,12)2(16,15,14,13,12)3(17,*16,15,14,13,12)3(18,14,13,12)2","(0)(1,1,1)(1,1)(2,2,1)(2,2)(3,3,1)(3,3)"
"(1,0)1(2,1,0)1(3,2,1,0)2(4,3,2,1,0)3(5,*4,3,2,1,0)3(6,2,1,0)2(7,6,2,1,0)3(8,*7,6,2,1,0)3","(0)(1,1,1)(1,1,1)","这里的876210 3对6210的Ω提升到了Ω_2,再到Ω_3, ...这里这个是(0)(1,1)(2,1)(3,1)(4,2,1)(2,1)(3,1)(4,2,1)=(0)(1,1)(2,1)(3,1)(4,2,1)(2,1)(3,1)(4,2)(5,2)(6,2)(7,3,1)(8,2)(9,2)(10,3,1)(11,2)(12,2)(13,3)(14,3)(15,3)(16,3)(17,4,1)(18,3)(19,3)的类似物，但问题是这里最后的(4,2,1)的坏根找错地方了，找成了前面的那个(2,1)"
"(1,0)1(2,1,0)1(3,2,1,0)2(4,3,2,1,0)3(5,*4,3,2,1,0)3(6,3)1","(0)(1,1,1)(2)"
"(1,0)1(2,1,0)1(3,2,1,0)2(4,3,2,1,0)3(5,*4,3,2,1,0)3(6,3,2,1,0)3","(0)(1,1,1)(2,1)","den3似乎拥有hydra的一些部分特性。"
"(1,0)1(2,1,0)1(3,2,1,0)2(4,3,2,1,0)3(5,*4,3,2,1,0)3(6,3,2,1,0)3(7,2,1,0)2(8,7,2,1,0)3(9,8,7)1(10,9,8,7)2(11,10,9,8,7)3(12,*11,10,9,8,7)3","(0)(1,1,1)(2,1)(1,1)(2,2,1)(3,1)(2,1)(3,2,1)"
"(1,0)1(2,1,0)1(3,2,1,0)2(4,3,2,1,0)3(5,*4,3,2,1,0)3(6,3,2,1,0)3(7,2,1,0)2(8,7,2,1,0)3(9,8,7)1(10,9,8,7)2(11,10,9,8,7)3(12,*11,10,9,8,7)3(13,10,9,8,7)3","(0)(1,1,1)(2,1)(1,1)(2,2,1)(3,2)","这里(13,10,2,1,0)原本是(2,1)(3,2,1)(4,1)中(4,1)的职位，被(13,10,9,8,7)后就向前推进了。"
"(1,0)1(2,1,0)1(3,2,1,0)2(4,3,2,1,0)3(5,*4,3,2,1,0)3(6,3,2,1,0)3(7,2,1,0)2(8,7,2,1,0)3(9,*8,7,2,1,0)3","(0)(1,1,1)(2,1)(1,1,1)","这里BMS相对Buchholz's OCF有提升效应，也说明了den3的(6,2,1,0)不是简单地被固定在“Ω”。"
"(1,0)1(2,1,0)1(3,2,1,0)2(4,3,2,1,0)3(5,*4,3,2,1,0)3(6,3,2,1,0)3(7,2,1,0)2(8,7,2,1,0)3(9,*8,7,2,1,0)3(10,7,2,1,0)3","(0)(1,1,1)(2,1)(1,1,1)(2,1)"
"(1,0)1(2,1,0)1(3,2,1,0)2(4,3,2,1,0)3(5,*4,3,2,1,0)3(6,3,2,1,0)3(7,6,2,1,0)3","(0)(1,1,1)(2,1)(3,1)"
"(1,0)1(2,1,0)1(3,2,1,0)2(4,3,2,1,0)3(5,*4,3,2,1,0)3(6,3,2,1,0)3(7,6,3)1","(0)(1,1,1)(2,1)(3,2)"
"(1,0)1(2,1,0)1(3,2,1,0)2(4,3,2,1,0)3(5,*4,3,2,1,0)3(6,3,2,1,0)3(7,6,3)1(8,3,2,1,0)3(9,8,3)1","(0)(1,1,1)(2,1)(3,2)(2,1)(3,2)"
"(1,0)1(2,1,0)1(3,2,1,0)2(4,3,2,1,0)3(5,*4,3,2,1,0)3(6,3,2,1,0)3(7,6,3)1(8,6,2,1,0)3(9,8,6)1","(0)(1,1,1)(2,1)(3,2)(3,1)(4,2)"
"(1,0)1(2,1,0)1(3,2,1,0)2(4,3,2,1,0)3(5,*4,3,2,1,0)3(6,3,2,1,0)3(7,6,3)1(8,6,3)1","(0)(1,1,1)(2,1)(3,2)(3,2)","这里的错层比(0,0)(1,1)(2,2)稍微轻一些，大概是前面几项叠的太多的缘故。"
"(1,0)1(2,1,0)1(3,2,1,0)2(4,3,2,1,0)3(5,*4,3,2,1,0)3(6,3,2,1,0)3(7,6,3)1(8,7,2,1,0)3","(0)(1,1,1)(2,1)(3,2)(4,1)"
"(1,0)1(2,1,0)1(3,2,1,0)2(4,3,2,1,0)3(5,*4,3,2,1,0)3(6,3,2,1,0)3(7,6,3)1(8,7,6,3)2(9,8,7,6,3)3(10,*9,8,7,6,3)3","(0)(1,1,1)(2,1)(3,2,1)"
"(1,0)1(2,1,0)1(3,2,1,0)2(4,3,2,1,0)3(5,*4,3,2,1,0)3(6,3,2,1,0)3(7,6,3)1(8,7,6,3)2(9,8,7,6,3)3(10,*9,8,7,6,3)3(11,8,7,6,3)3","(0)(1,1,1)(2,1)(3,2,1)(4,1)"
"(1,0)1(2,1,0)1(3,2,1,0)2(4,3,2,1,0)3(5,*4,3,2,1,0)3(6,3,2,1,0)3(7,6,3)1(8,7,6,3)2(9,8,7,6,3)3(10,*9,8,7,6,3)3(11,8,7,6,3)3(12,11,8)1","(0)(1,1,1)(2,1)(3,2,1)(4,1)(5,2)"
"(1,0)1(2,1,0)1(3,2,1,0)2(4,3,2,1,0)3(5,*4,3,2,1,0)3(6,3,2,1,0)3(7,6,3)1(8,7,6,3)2(9,8,7,6,3)3(10,*9,8,7,6,3)3(11,8,7,6,3)3(12,11,8)1(13,12,11,8)2(14,13,12,11,8)3(15,*14,13,12,11,8)3(16,13,12,11,8)3","(0)(1,1,1)(2,1)(3,2,1)(4,1)(5,2,1)(6,1)"
"(1,0)1(2,1,0)1(3,2,1,0)2(4,3,2,1,0)3(5,*4,3,2,1,0)3(6,3,2,1,0)3(7,*6,3,2,1,0)3","(0)(1,1,1)(2,1,1)","这里有一个特殊的现象，(4,3,2,1,0)3(5,*4,3,2,1,0)3和(6,3,2,1,0)3(7,*6,3,2,1,0)3看起来结构相似但作用不是完全一样"
"(1,0)1(2,1,0)1(3,2,1,0)2(4,3,2,1,0)3(5,*4,3,2,1,0)3(6,3,2,1,0)3(7,*6,3,2,1,0)3(8,2,1,0)2(9,8,2,1,0)3(10,*9,8,2,1,0)3","(0)(1,1,1)(2,1,1)(1,1,1)"
"(1,0)1(2,1,0)1(3,2,1,0)2(4,3,2,1,0)3(5,*4,3,2,1,0)3(6,3,2,1,0)3(7,*6,3,2,1,0)3(8,2,1,0)2(9,8,2,1,0)3(10,*9,8,2,1,0)3(11,8,2,1,0)3","(0)(1,1,1)(2,1,1)(1,1,1)(2,1)"
"(1,0)1(2,1,0)1(3,2,1,0)2(4,3,2,1,0)3(5,*4,3,2,1,0)3(6,3,2,1,0)3(7,*6,3,2,1,0)3(8,2,1,0)2(9,8,2,1,0)3(10,*9,8,2,1,0)3(11,8,2,1,0)3(12,11,8)1","(0)(1,1,1)(2,1,1)(1,1,1)(2,1)(3,2)"
"(1,0)1(2,1,0)1(3,2,1,0)2(4,3,2,1,0)3(5,*4,3,2,1,0)3(6,3,2,1,0)3(7,*6,3,2,1,0)3(8,2,1,0)2(9,8,2,1,0)3(10,*9,8,2,1,0)3(11,8,2,1,0)3(12,11,8)1(13,12,11,8)2(14,13,12,11,8)3(15,*14,13,12,11,8)3","(0)(1,1,1)(2,1,1)(1,1,1)(2,1)(3,2,1)"
"(1,0)1(2,1,0)1(3,2,1,0)2(4,3,2,1,0)3(5,*4,3,2,1,0)3(6,3,2,1,0)3(7,*6,3,2,1,0)3(8,2,1,0)2(9,8,2,1,0)3(10,*9,8,2,1,0)3(11,8,2,1,0)3(12,11,8)1(13,12,11,8)2(14,13,12,11,8)3(15,*14,13,12,11,8)3(16,13,12,11,8)3(17,*16,13,12,11,8)3","(0)(1,1,1)(2,1,1)(1,1,1)(2,1)(3,2,1)(4,2,1)"
"(1,0)1(2,1,0)1(3,2,1,0)2(4,3,2,1,0)3(5,*4,3,2,1,0)3(6,3,2,1,0)3(7,*6,3,2,1,0)3(8,2,1,0)2(9,8,2,1,0)3(10,*9,8,2,1,0)3(11,8,2,1,0)3(12,*11,8,2,1,0)3","(0)(1,1,1)(2,1,1)(1,1,1)(2,1,1)"
"(1,0)1(2,1,0)1(3,2,1,0)2(4,3,2,1,0)3(5,*4,3,2,1,0)3(6,3,2,1,0)3(7,*6,3,2,1,0)3(8,3)1","(0)(1,1,1)(2,1,1)(2)"
"(1,0)1(2,1,0)1(3,2,1,0)2(4,3,2,1,0)3(5,*4,3,2,1,0)3(6,3,2,1,0)3(7,*6,3,2,1,0)3(8,3,2,1,0)3","(0)(1,1,1)(2,1,1)(2,1)"
"(1,0)1(2,1,0)1(3,2,1,0)2(4,3,2,1,0)3(5,*4,3,2,1,0)3(6,3,2,1,0)3(7,*6,3,2,1,0)3(8,3,2,1,0)3(9,2,1,0)2(10,9,2,1,0)3(11,*10,9,2,1,0)3","(0)(1,1,1)(2,1,1)(2,1)(1,1,1)"
"(1,0)1(2,1,0)1(3,2,1,0)2(4,3,2,1,0)3(5,*4,3,2,1,0)3(6,3,2,1,0)3(7,*6,3,2,1,0)3(8,3,2,1,0)3(9,2,1,0)2(10,9,2,1,0)3(11,*10,9,2,1,0)3(12,2,1,0)2(13,12,2,1,0)3(14,*13,12,2,1,0)3","(0)(1,1,1)(2,1,1)(2,1)(1,1,1)(1,1,1)"
"(1,0)1(2,1,0)1(3,2,1,0)2(4,3,2,1,0)3(5,*4,3,2,1,0)3(6,3,2,1,0)3(7,*6,3,2,1,0)3(8,3,2,1,0)3(9,2,1,0)2(10,9,2,1,0)3(11,*10,9,2,1,0)3(12,9,2,1,0)3","(0)(1,1,1)(2,1,1)(2,1)(1,1,1)(2,1)"
"(1,0)1(2,1,0)1(3,2,1,0)2(4,3,2,1,0)3(5,*4,3,2,1,0)3(6,3,2,1,0)3(7,*6,3,2,1,0)3(8,3,2,1,0)3(9,2,1,0)2(10,9,2,1,0)3(11,*10,9,2,1,0)3(12,9,2,1,0)3(13,12,9)1","(0)(1,1,1)(2,1,1)(2,1)(1,1,1)(2,1)(3,2)"
"(1,0)1(2,1,0)1(3,2,1,0)2(4,3,2,1,0)3(5,*4,3,2,1,0)3(6,3,2,1,0)3(7,*6,3,2,1,0)3(8,3,2,1,0)3(9,2,1,0)2(10,9,2,1,0)3(11,*10,9,2,1,0)3(12,9,2,1,0)3(13,12,9)1(14,13,12,9)2(15,14,13,12,9)3(16,*15,14,13,12,9)3","(0)(1,1,1)(2,1,1)(2,1)(1,1,1)(2,1)(3,2,1)"
"(1,0)1(2,1,0)1(3,2,1,0)2(4,3,2,1,0)3(5,*4,3,2,1,0)3(6,3,2,1,0)3(7,*6,3,2,1,0)3(8,3,2,1,0)3(9,2,1,0)2(10,9,2,1,0)3(11,*10,9,2,1,0)3(12,9,2,1,0)3(13,12,9)1(14,13,12,9)2(15,14,13,12,9)3(16,*15,14,13,12,9)3(17,14,13,12,9)3(18,*17,14,13,12,9)3","(0)(1,1,1)(2,1,1)(2,1)(1,1,1)(2,1)(3,2,1)(4,2,1)"
"(1,0)1(2,1,0)1(3,2,1,0)2(4,3,2,1,0)3(5,*4,3,2,1,0)3(6,3,2,1,0)3(7,*6,3,2,1,0)3(8,3,2,1,0)3(9,2,1,0)2(10,9,2,1,0)3(11,*10,9,2,1,0)3(12,9,2,1,0)3(13,*12,9,2,1,0)3","(0)(1,1,1)(2,1,1)(2,1)(1,1,1)(2,1,1)","此处BMS对BOCF有提升链效应。"
"(1,0)1(2,1,0)1(3,2,1,0)2(4,3,2,1,0)3(5,*4,3,2,1,0)3(6,3,2,1,0)3(7,*6,3,2,1,0)3(8,3,2,1,0)3(9,3)1","(0)(1,1,1)(2,1,1)(2,1)(2)"
"(1,0)1(2,1,0)1(3,2,1,0)2(4,3,2,1,0)3(5,*4,3,2,1,0)3(6,3,2,1,0)3(7,*6,3,2,1,0)3(8,3,2,1,0)3(9,3,2,1,0)3","(0)(1,1,1)(2,1,1)(2,1)(2,1)"
"(1,0)1(2,1,0)1(3,2,1,0)2(4,3,2,1,0)3(5,*4,3,2,1,0)3(6,3,2,1,0)3(7,*6,3,2,1,0)3(8,3,2,1,0)3(9,8,2,1,0)3","(0)(1,1,1)(2,1,1)(2,1)(3,1)"
"(1,0)1(2,1,0)1(3,2,1,0)2(4,3,2,1,0)3(5,*4,3,2,1,0)3(6,3,2,1,0)3(7,*6,3,2,1,0)3(8,3,2,1,0)3(9,8,3)1","(0)(1,1,1)(2,1,1)(2,1)(3,2)"
"(1,0)1(2,1,0)1(3,2,1,0)2(4,3,2,1,0)3(5,*4,3,2,1,0)3(6,3,2,1,0)3(7,*6,3,2,1,0)3(8,3,2,1,0)3(9,*8,3,2,1,0)3","(0)(1,1,1)(2,1,1)(2,1,1)"
"(1,0)1(2,1,0)1(3,2,1,0)2(4,3,2,1,0)3(5,*4,3,2,1,0)3(6,4)1","(0)(1,1,1)(2,1,1)(3)"
"(1,0)1(2,1,0)1(3,2,1,0)2(4,3,2,1,0)3(5,*4,3,2,1,0)3(6,4,2,1,0)3","(0)(1,1,1)(2,1,1)(3,1)"
"(1,0)1(2,1,0)1(3,2,1,0)2(4,3,2,1,0)3(5,*4,3,2,1,0)3(6,4,2,1,0)3(7,2,1,0)2(8,7,2,1,0)3(9,*8,7,2,1,0)3","(0)(1,1,1)(2,1,1)(3,1)(1,1,1)"
"(1,0)1(2,1,0)1(3,2,1,0)2(4,3,2,1,0)3(5,*4,3,2,1,0)3(6,4,2,1,0)3(7,2,1,0)2(8,7,2,1,0)3(9,*8,7,2,1,0)3(10,8,2,1,0)3","(0)(1,1,1)(2,1,1)(3,1)(1,1,1)(2,1,1)(3,1)"
"(1,0)1(2,1,0)1(3,2,1,0)2(4,3,2,1,0)3(5,*4,3,2,1,0)3(6,4,2,1,0)3(7,3)1","(0)(1,1,1)(2,1,1)(3,1)(2)","EBO"
"(1,0)1(2,1,0)1(3,2,1,0)2(4,3,2,1,0)3(5,*4,3,2,1,0)3(6,4,2,1,0)3(7,3,2,1,0)3","(0)(1,1,1)(2,1,1)(3,1)(2,1)"
"(1,0)1(2,1,0)1(3,2,1,0)2(4,3,2,1,0)3(5,*4,3,2,1,0)3(6,4,2,1,0)3(7,3,2,1,0)3(8,*7,3,2,1,0)3","(0)(1,1,1)(2,1,1)(3,1)(2,1,1)"
"(1,0)1(2,1,0)1(3,2,1,0)2(4,3,2,1,0)3(5,*4,3,2,1,0)3(6,4,2,1,0)3(7,3,2,1,0)3(8,*7,3,2,1,0)3(9,7,2,1,0)3","(0)(1,1,1)(2,1,1)(3,1)(2,1,1)(3,1)"
"(1,0)1(2,1,0)1(3,2,1,0)2(4,3,2,1,0)3(5,*4,3,2,1,0)3(6,4,2,1,0)3(7,4)1","(0)(1,1,1)(2,1,1)(3,1)(3)"
"(1,0)1(2,1,0)1(3,2,1,0)2(4,3,2,1,0)3(5,*4,3,2,1,0)3(6,4,2,1,0)3(7,4,2,1,0)3","(0)(1,1,1)(2,1,1)(3,1)(3,1)"
"(1,0)1(2,1,0)1(3,2,1,0)2(4,3,2,1,0)3(5,*4,3,2,1,0)3(6,4,2,1,0)3(7,6,2,1,0)3","(0)(1,1,1)(2,1,1)(3,1)(4,1)"
"(1,0)1(2,1,0)1(3,2,1,0)2(4,3,2,1,0)3(5,*4,3,2,1,0)3(6,4,2,1,0)3(7,6,4)1","(0)(1,1,1)(2,1,1)(3,1)(4,2)"
"(1,0)1(2,1,0)1(3,2,1,0)2(4,3,2,1,0)3(5,*4,3,2,1,0)3(6,4,2,1,0)3(7,6,4)1(8,7,6,4)2(9,8,7,6,4)3(10,*9,8,7,6,4)3(11,9,7,6,4)3","(0)(1,1,1)(2,1,1)(3,1)(4,2,1)(5,1)"
"(1,0)1(2,1,0)1(3,2,1,0)2(4,3,2,1,0)3(5,*4,3,2,1,0)3(6,4,2,1,0)3(7,*6,4,3,2,1,0)4","(0)(1,1,1)(2,1,1)(3,1,1)"
"(1,0)1(2,1,0)1(3,2,1,0)2(4,3,2,1,0)3(5,*4,3,2,1,0)3(6,4,2,1,0)3(7,*6,4,3,2,1,0)4(8,3,2,1,0)3(9,*8,3,2,1,0)3","(0)(1,1,1)(2,1,1)(3,1,1)(2,1,1)"
"(1,0)1(2,1,0)1(3,2,1,0)2(4,3,2,1,0)3(5,*4,3,2,1,0)3(6,4,2,1,0)3(7,*6,4,3,2,1,0)4(8,3,2,1,0)3(9,*8,3,2,1,0)3(10,8,2,1,0)3(11,*10,8,3,2,1,0)4","(0)(1,1,1)(2,1,1)(3,1,1)(2,1,1)(3,1,1)"
"(1,0)1(2,1,0)1(3,2,1,0)2(4,3,2,1,0)3(5,*4,3,2,1,0)3(6,4,2,1,0)3(7,*6,4,3,2,1,0)4(8,4,2,1,0)3(9,*8,4,3,2,1,0)4","(0)(1,1,1)(2,1,1)(3,1,1)(3,1,1)"
"(1,0)1(2,1,0)1(3,2,1,0)2(4,3,2,1,0)3(5,*4,3,2,1,0)3(6,4,2,1,0)3(7,*6,4,3,2,1,0)4(8,6,2,1,0)3(9,*8,6,3,2,1,0)4","(0)(1,1,1)(2,1,1)(3,1,1)(4,1,1)"
"(1,0)1(2,1,0)1(3,2,1,0)2(4,3,2,1,0)3(5,*4,3,2,1,0)3(6,4,2,1,0)3(7,*6,4,3,2,1,0)4(8,6,4)1","(0)(1,1,1)(2,2)"
"(1,0)1(2,1,0)1(3,2,1,0)2(4,3,2,1,0)3(5,*4,3,2,1,0)3(6,4,2,1,0)3(7,*6,4,3,2,1,0)4(8,6,4)1(9,6,4)1","(0)(1,1,1)(2,2)(2,2)"
"(1,0)1(2,1,0)1(3,2,1,0)2(4,3,2,1,0)3(5,*4,3,2,1,0)3(6,4,2,1,0)3(7,*6,4,3,2,1,0)4(8,6,4)1(9,8,6,4)2(10,9,8,6,4)3","(0)(1,1,1)(2,2)(3,2)(4,2)"
"(1,0)1(2,1,0)1(3,2,1,0)2(4,3,2,1,0)3(5,*4,3,2,1,0)3(6,4,2,1,0)3(7,*6,4,3,2,1,0)4(8,6,4)1(9,8,6,4)2(10,9,8,6,4)3(11,*10,9,8,6,4)3","(0)(1,1,1)(2,2)(3,3,1)"
"(1,0)1(2,1,0)1(3,2,1,0)2(4,3,2,1,0)3(5,*4,3,2,1,0)3(6,4,2,1,0)3(7,*6,4,3,2,1,0)4(8,*6,4,3,2,1,0)4","(0)(1,1,1)(2,2,1)","三行传递所在地"
"(1,0)1(2,1,0)1(3,2,1,0)2(4,3,2,1,0)3(5,*4,3,2,1,0)3(6,4,2,1,0)3(7,*6,4,3,2,1,0)4(8,*6,4,3,2,1,0)4(9,6,4)1","(0)(1,1,1)(2,2,1)(2,2)"
"(1,0)1(2,1,0)1(3,2,1,0)2(4,3,2,1,0)3(5,*4,3,2,1,0)3(6,4,2,1,0)3(7,*6,4,3,2,1,0)4(8,*6,4,3,2,1,0)4(9,*6,4,3,2,1,0)4","(0)(1,1,1)(2,2,1)(2,2,1)"
"(1,0)1(2,1,0)1(3,2,1,0)2(4,3,2,1,0)3(5,*4,3,2,1,0)3(6,4,2,1,0)3(7,*6,4,3,2,1,0)4(8,7)1","(0)(1,1,1)(2,2,1)(3)"
"(1,0)1(2,1,0)1(3,2,1,0)2(4,3,2,1,0)3(5,*4,3,2,1,0)3(6,4,2,1,0)3(7,*6,4,3,2,1,0)4(8,7,2,1,0)3","(0)(1,1,1)(2,2,1)(3,1)"
"(1,0)1(2,1,0)1(3,2,1,0)2(4,3,2,1,0)3(5,*4,3,2,1,0)3(6,4,2,1,0)3(7,*6,4,3,2,1,0)4(8,7,2,1,0)3(9,*8,7,3,2,1,0)4","(0)(1,1,1)(2,2,1)(3,1,1)","这里BMS开始有点难分析了（我的体感而言，因为之前扽过BMSvsΣ1稳定）。"
"(1,0)1(2,1,0)1(3,2,1,0)2(4,3,2,1,0)3(5,*4,3,2,1,0)3(6,4,2,1,0)3(7,*6,4,3,2,1,0)4(8,7,6,4)2","(0)(1,1,1)(2,2,1)(3,2)"
"(1,0)1(2,1,0)1(3,2,1,0)2(4,3,2,1,0)3(5,*4,3,2,1,0)3(6,4,2,1,0)3(7,*6,4,3,2,1,0)4(8,7,6,4)2(9,*6,4,3,2,1,0)4","(0)(1,1,1)(2,2,1)(3,2)(2,2,1)"
"(1,0)1(2,1,0)1(3,2,1,0)2(4,3,2,1,0)3(5,*4,3,2,1,0)3(6,4,2,1,0)3(7,*6,4,3,2,1,0)4(8,7,6,4)2(9,7)1","(0)(1,1,1)(2,2,1)(3,2)(3)"
"(1,0)1(2,1,0)1(3,2,1,0)2(4,3,2,1,0)3(5,*4,3,2,1,0)3(6,4,2,1,0)3(7,*6,4,3,2,1,0)4(8,7,6,4)2(9,7,6,4)2","(0)(1,1,1)(2,2,1)(3,2)(3,2)"
"(1,0)1(2,1,0)1(3,2,1,0)2(4,3,2,1,0)3(5,*4,3,2,1,0)3(6,4,2,1,0)3(7,*6,4,3,2,1,0)4(8,7,6,4)2(9,8,7,6,4)3","(0)(1,1,1)(2,2,1)(3,2)(4,2)"
"(1,0)1(2,1,0)1(3,2,1,0)2(4,3,2,1,0)3(5,*4,3,2,1,0)3(6,4,2,1,0)3(7,*6,4,3,2,1,0)4(8,7,6,4)2(9,8,7,6,4)3(10,9,7,6,4)3","(0)(1,1,1)(2,2,1)(3,2)(4,2)(5,2)"
"(1,0)1(2,1,0)1(3,2,1,0)2(4,3,2,1,0)3(5,*4,3,2,1,0)3(6,4,2,1,0)3(7,*6,4,3,2,1,0)4(8,7,6,4)2(9,8,7,6,4)3(10,9,8)1","(0)(1,1,1)(2,2,1)(3,2)(4,3)"
"(1,0)1(2,1,0)1(3,2,1,0)2(4,3,2,1,0)3(5,*4,3,2,1,0)3(6,4,2,1,0)3(7,*6,4,3,2,1,0)4(8,7,6,4)2(9,8,7,6,4)3(10,9,8)1(11,10,9,8)2(12,11,10,9,8)3(13,*12,11,10,9,8)3","(0)(1,1,1)(2,2,1)(3,2)(4,3,1)"
"(1,0)1(2,1,0)1(3,2,1,0)2(4,3,2,1,0)3(5,*4,3,2,1,0)3(6,4,2,1,0)3(7,*6,4,3,2,1,0)4(8,7,6,4)2(9,8,7,6,4)3(10,*9,8,3,2,1,0)4","(0)(1,1,1)(2,2,1)(3,2,1)"
"(1,0)1(2,1,0)1(3,2,1,0)2(4,3,2,1,0)3(5,*4,3,2,1,0)3(6,4,2,1,0)3(7,*6,4,3,2,1,0)4(8,7,6,4)2(9,8,7,6,4)3(10,*9,8,3,2,1,0)4(11,*9,8,3,2,1,0)4","(0)(1,1,1)(2,2,1)(3,2,1)(3,2,1)","这里的10 9 8 3 2 10有221的特性"
"(1,0)1(2,1,0)1(3,2,1,0)2(4,3,2,1,0)3(5,*4,3,2,1,0)3(6,4,2,1,0)3(7,*6,4,3,2,1,0)4(8,7,6,4)2(9,8,7,6,4)3(10,*9,8,3,2,1,0)4(11,10,2,1,0)3","(0)(1,1,1)(2,2,1)(3,2,1)(4,1)"
"(1,0)1(2,1,0)1(3,2,1,0)2(4,3,2,1,0)3(5,*4,3,2,1,0)3(6,4,2,1,0)3(7,*6,4,3,2,1,0)4(8,7,6,4)2(9,8,7,6,4)3(10,*9,8,3,2,1,0)4(11,10,7,6,4)3(12,*11,10,3,2,1,0)4","(0)(1,1,1)(2,2,1)(3,2,1)(4,2,1)"
"(1,0)1(2,1,0)1(3,2,1,0)2(4,3,2,1,0)3(5,*4,3,2,1,0)3(6,4,2,1,0)3(7,*6,4,3,2,1,0)4(8,7,6,4)2(9,8,7,6,4)3(10,*9,8,3,2,1,0)4(11,10,9,8)2","(0)(1,1,1)(2,2,1)(3,3)"
"(1,0)1(2,1,0)1(3,2,1,0)2(4,3,2,1,0)3(5,*4,3,2,1,0)3(6,4,2,1,0)3(7,*6,4,3,2,1,0)4(8,7,6,4)2(9,8,7,6,4)3(10,*9,8,3,2,1,0)4(11,10,9,8)2(12,11,10,9,8)3(13,*12,11,3,2,1,0)4","(0)(1,1,1)(2,2,1)(3,3,1)","这里有一个之后的“第三行”+1。"
"(1,0)1(2,1,0)1(3,2,1,0)2(4,3,2,1,0)3(5,*4,3,2,1,0)3(6,4,2,1,0)3(7,*6,4,3,2,1,0)4(8,7,6,4)2(9,8,7,6,4)3(10,*9,8,7,6,4)3","(0)(1,1,1)(2,2,2)","这里的8764 98764 1098764对应d的是3210 43210 543210"
"(1,0)1(2,1,0)1(3,2,1,0)2(4,3,2,1,0)3(5,*4,3,2,1,0)3(6,4,2,1,0)3(7,*6,4,3,2,1,0)4(8,7,6,4)2(9,8,7,6,4)3(10,*9,8,7,6,4)3(11,*6,4,3,2,1,0)4","(0)(1,1,1)(2,2,2)(2,2,1)"
"(1,0)1(2,1,0)1(3,2,1,0)2(4,3,2,1,0)3(5,*4,3,2,1,0)3(6,4,2,1,0)3(7,*6,4,3,2,1,0)4(8,7,6,4)2(9,8,7,6,4)3(10,*9,8,7,6,4)3(11,*6,4,3,2,1,0)4(12,11,6,4)2(13,12,11,6,4)3(14,*13,12,11,6,4)3","(0)(1,1,1)(2,2,2)(2,2,1)(3,3,2)"
"(1,0)1(2,1,0)1(3,2,1,0)2(4,3,2,1,0)3(5,*4,3,2,1,0)3(6,4,2,1,0)3(7,*6,4,3,2,1,0)4(8,7,6,4)2(9,8,7,6,4)3(10,*9,8,7,6,4)3(11,7)1","(0)(1,1,1)(2,2,2)(2,2,1)(3,3,2)(3)"
"(1,0)1(2,1,0)1(3,2,1,0)2(4,3,2,1,0)3(5,*4,3,2,1,0)3(6,4,2,1,0)3(7,*6,4,3,2,1,0)4(8,7,6,4)2(9,8,7,6,4)3(10,*9,8,7,6,4)3(11,7,2,1,0)3","(0)(1,1,1)(2,2,2)(2,2,1)(3,3,2)(3,1)"
"(1,0)1(2,1,0)1(3,2,1,0)2(4,3,2,1,0)3(5,*4,3,2,1,0)3(6,4,2,1,0)3(7,*6,4,3,2,1,0)4(8,7,6,4)2(9,8,7,6,4)3(10,*9,8,7,6,4)3(11,7,6,4)2","(0)(1,1,1)(2,2,2)(2,2,1)(3,3,2)(3,2)"
"(1,0)1(2,1,0)1(3,2,1,0)2(4,3,2,1,0)3(5,*4,3,2,1,0)3(6,4,2,1,0)3(7,*6,4,3,2,1,0)4(8,7,6,4)2(9,8,7,6,4)3(10,*9,8,7,6,4)3(11,7,6,4)2(12,11,7,6,4)3(13,*12,11,7,6,4)3","(0)(1,1,1)(2,2,2)(2,2,2)","这里是从11 7 6 4接的，和0 111 111像"
"(1,0)1(2,1,0)1(3,2,1,0)2(4,3,2,1,0)3(5,*4,3,2,1,0)3(6,4,2,1,0)3(7,*6,4,3,2,1,0)4(8,7,6,4)2(9,8,7,6,4)3(10,*9,8,7,6,4)3(11,8)1","(0)(1,1,1)(2,2,2)(3)"
"(1,0)1(2,1,0)1(3,2,1,0)2(4,3,2,1,0)3(5,*4,3,2,1,0)3(6,4,2,1,0)3(7,*6,4,3,2,1,0)4(8,7,6,4)2(9,8,7,6,4)3(10,*9,8,7,6,4)3(11,8,2,1,0)3","(0)(1,1,1)(2,2,2)(3,1)"
"(1,0)1(2,1,0)1(3,2,1,0)2(4,3,2,1,0)3(5,*4,3,2,1,0)3(6,4,2,1,0)3(7,*6,4,3,2,1,0)4(8,7,6,4)2(9,8,7,6,4)3(10,*9,8,7,6,4)3(11,8,7,6,4)3(12,*11,8,7,6,4)3","(0)(1,1,1)(2,2,2)(3,2,2)"
"(1,0)1(2,1,0)1(3,2,1,0)2(4,3,2,1,0)3(5,*4,3,2,1,0)3(6,4,2,1,0)3(7,*6,4,3,2,1,0)4(8,7,6,4)2(9,8,7,6,4)3(10,*9,8,7,6,4)3(11,8,7,6,4)3(12,*11,8,7,6,4)3","(0)(1,1,1)(2,2,2)(3,2,2)"
"(1,0)1(2,1,0)1(3,2,1,0)2(4,3,2,1,0)3(5,*4,3,2,1,0)3(6,4,2,1,0)3(7,*6,4,3,2,1,0)4(8,7,6,4)2(9,8,7,6,4)3(10,*9,8,7,6,4)3(11,8,7,6,4)3(12,*11,8,7,6,4)3(13,8,7,6,4)3(14,*13,8,7,6,4)3","(0)(1,1,1)(2,2,2)(3,2,2)(3,2,2)"
"(1,0)1(2,1,0)1(3,2,1,0)2(4,3,2,1,0)3(5,*4,3,2,1,0)3(6,4,2,1,0)3(7,*6,4,3,2,1,0)4(8,7,6,4)2(9,8,7,6,4)3(10,*9,8,7,6,4)3(11,9)1","(0)(1,1,1)(2,2,2)(3,2,2)(4)"
"(1,0)1(2,1,0)1(3,2,1,0)2(4,3,2,1,0)3(5,*4,3,2,1,0)3(6,4,2,1,0)3(7,*6,4,3,2,1,0)4(8,7,6,4)2(9,8,7,6,4)3(10,*9,8,7,6,4)3(11,9,7,6,4)3","(0)(1,1,1)(2,2,2)(3,2,2)(4,2)"
"(1,0)1(2,1,0)1(3,2,1,0)2(4,3,2,1,0)3(5,*4,3,2,1,0)3(6,4,2,1,0)3(7,*6,4,3,2,1,0)4(8,7,6,4)2(9,8,7,6,4)3(10,*9,8,7,6,4)3(11,9,7,6,4)3(12,*11,9,3,2,1,0)","(0)(1,1,1)(2,2,2)(3,2,2)(4,2,1)"
"(1,0)1(2,1,0)1(3,2,1,0)2(4,3,2,1,0)3(5,*4,3,2,1,0)3(6,4,2,1,0)3(7,*6,4,3,2,1,0)4(8,7,6,4)2(9,8,7,6,4)3(10,*9,8,7,6,4)3(11,9,7,6,4)3(12,*11,9,8,7,6,4)4","(0)(1,1,1)(2,2,2)(3,2,2)(4,2,2)"
"(1,0)1(2,1,0)1(3,2,1,0)2(4,3,2,1,0)3(5,*4,3,2,1,0)3(6,4,2,1,0)3(7,*6,4,3,2,1,0)4(8,7,6,4)2(9,8,7,6,4)3(10,*9,8,7,6,4)3(11,9,7,6,4)3(12,*11,9,8,7,6,4)4(13,11,7,6,4)3(14,*13,11,8,7,6,4)4","(0)(1,1,1)(2,2,2)(3,2,2)(4,2,2)(5,2,2)"
"(1,0)1(2,1,0)1(3,2,1,0)2(4,3,2,1,0)3(5,*4,3,2,1,0)3(6,4,2,1,0)3(7,*6,4,3,2,1,0)4(8,7,6,4)2(9,8,7,6,4)3(10,*9,8,7,6,4)3(11,9,7,6,4)3(12,*11,9,8,7,6,4)4(13,11,9)1","(0)(1,1,1)(2,2,2)(3,3)"
"(1,0)1(2,1,0)1(3,2,1,0)2(4,3,2,1,0)3(5,*4,3,2,1,0)3(6,4,2,1,0)3(7,*6,4,3,2,1,0)4(8,7,6,4)2(9,8,7,6,4)3(10,*9,8,7,6,4)3(11,9,7,6,4)3(12,*11,9,8,7,6,4)4(13,*11,9,3,2,1,0)4","(0)(1,1,1)(2,2,2)(3,3,1)"
"(1,0)1(2,1,0)1(3,2,1,0)2(4,3,2,1,0)3(5,*4,3,2,1,0)3(6,4,2,1,0)3(7,*6,4,3,2,1,0)4(8,7,6,4)2(9,8,7,6,4)3(10,*9,8,7,6,4)3(11,9,7,6,4)3(12,*11,9,8,7,6,4)4(13,*11,9,8,7,6,4)4","(0)(1,1,1)(2,2,2)(3,3,2)"
"(1,0)1(2,1,0)1(3,2,1,0)2(4,3,2,1,0)3(5,*4,3,2,1,0)3(6,4,2,1,0)3(7,*6,4,3,2,1,0)4(8,7,6,4)2(9,8,7,6,4)3(10,*9,8,7,6,4)3(11,9,7,6,4)3(12,*11,9,8,7,6,4)4(13,12)1","(0)(1,1,1)(2,2,2)(3,3,2)(4)"
"(1,0)1(2,1,0)1(3,2,1,0)2(4,3,2,1,0)3(5,*4,3,2,1,0)3(6,4,2,1,0)3(7,*6,4,3,2,1,0)4(8,7,6,4)2(9,8,7,6,4)3(10,*9,8,7,6,4)3(11,9,7,6,4)3(12,*11,9,8,7,6,4)4(13,12,11,9)2","(0)(1,1,1)(2,2,2)(3,3,2)(4,3)"
"(1,0)1(2,1,0)1(3,2,1,0)2(4,3,2,1,0)3(5,*4,3,2,1,0)3(6,4,2,1,0)3(7,*6,4,3,2,1,0)4(8,7,6,4)2(9,8,7,6,4)3(10,*9,8,7,6,4)3(11,9,7,6,4)3(12,*11,9,8,7,6,4)4(13,12,11,9)2","(0)(1,1,1)(2,2,2)(3,3,2)(4,3)"
"(1,0)1(2,1,0)1(3,2,1,0)2(4,3,2,1,0)3(5,*4,3,2,1,0)3(6,4,2,1,0)3(7,*6,4,3,2,1,0)4(8,7,6,4)2(9,8,7,6,4)3(10,*9,8,7,6,4)3(11,9,7,6,4)3(12,*11,9,8,7,6,4)4(13,12,11,9)2(14,13,12,11,9)3(15,*14,13,12,11,9)3(16,14,12,11,9)3","(0)(1,1,1)(2,2,2)(3,3,2)(4,4)"
"(1,0)1(2,1,0)1(3,2,1,0)2(4,3,2,1,0)3(5,*4,3,2,1,0)3(6,4,2,1,0)3(7,*6,4,3,2,1,0)4(8,7,6,4)2(9,8,7,6,4)3(10,*9,8,7,6,4)3(11,9,7,6,4)3(12,*11,9,8,7,6,4)4(13,12,11,9)2(14,13,12,11,9)3(15,*14,13,8,7,6,4)4(16,*14,13,8,7,6,4)4","(0)(1,1,1)(2,2,2)(3,3,2)(4,4,2)"
"(1,0)1(2,1,0)1(3,2,1,0)2(4,3,2,1,0)3(5,*4,3,2,1,0)3(6,4,2,1,0)3(7,*6,4,3,2,1,0)4(8,7,6,4)2(9,8,7,6,4)3(10,*9,8,7,6,4)3(11,9,7,6,4)3(12,*11,9,8,7,6,4)4(13,12,11,9)2(14,13,12,11,9)3(15,*14,13,12,11,9)3","(0)(1,1,1)(2,2,2)(3,3,3)"
"(1,0)1(2,1,0)1(3,2,1,0)2(4,3,2,1,0)3(5,*4,3,2,1,0)3(6,4,2,1,0)3(7,*6,4,3,2,1,0)4(8,*7,*6,4,3,2,1,0)4","(0)(1,1,1,1)"
"(1,0)1(2,1,0)1(3,2,1,0)2(4,3,2,1,0)3(5,*4,3,2,1,0)3(6,4,2,1,0)3(7,*6,4,3,2,1,0)4(8,*7,*6,4,3,2,1,0)4(9,2,1,0)2(10,9,2,1,0)3(11,*10,9,2,1,0)3","(0)(1,1,1,1)(1,1,1)"
"(1,0)1(2,1,0)1(3,2,1,0)2(4,3,2,1,0)3(5,*4,3,2,1,0)3(6,4,2,1,0)3(7,*6,4,3,2,1,0)4(8,*7,*6,4,3,2,1,0)4(9,2,1,0)2(10,9,2,1,0)3(11,*10,9,2,1,0)3(12,10,2,1,0)3(13,*12,10,9,2,1,0)4","(0)(1,1,1,1)(1,1,1)(2,1,1)(3,1,1)"
"(1,0)1(2,1,0)1(3,2,1,0)2(4,3,2,1,0)3(5,*4,3,2,1,0)3(6,4,2,1,0)3(7,*6,4,3,2,1,0)4(8,*7,*6,4,3,2,1,0)4(9,2,1,0)2(10,9,2,1,0)3(11,*10,9,2,1,0)3(12,10,2,1,0)3(13,*12,10,9,2,1,0)4(14,*12,10,9,2,1,0)4","(0)(1,1,1,1)(1,1,1)(2,2,1)"
"(1,0)1(2,1,0)1(3,2,1,0)2(4,3,2,1,0)3(5,*4,3,2,1,0)3(6,4,2,1,0)3(7,*6,4,3,2,1,0)4(8,*7,*6,4,3,2,1,0)4(9,2,1,0)2(10,9,2,1,0)3(11,*10,9,2,1,0)3(12,10,2,1,0)3(13,*12,10,9,2,1,0)4(14,13,12,10)2(15,14,13,12,10)3(16,*15,14,13,12,10)3","(0)(1,1,1,1)(1,1,1)(2,2,2)"
"(1,0)1(2,1,0)1(3,2,1,0)2(4,3,2,1,0)3(5,*4,3,2,1,0)3(6,4,2,1,0)3(7,*6,4,3,2,1,0)4(8,*7,*6,4,3,2,1,0)4(9,2,1,0)2(10,9,2,1,0)3(11,*10,9,2,1,0)3(12,10,2,1,0)3(13,*12,10,9,2,1,0)4(14,13,12,10)2(15,14,13,12,10)3(16,*15,14,13,12,10)3(17,15,13,12,10)3(18,*17,15,14,13,12,10)4","(0)(1,1,1,1)(1,1,1)(2,2,2)(3,2,2)(4,2,2)"
"(1,0)1(2,1,0)1(3,2,1,0)2(4,3,2,1,0)3(5,*4,3,2,1,0)3(6,4,2,1,0)3(7,*6,4,3,2,1,0)4(8,*7,*6,4,3,2,1,0)4(9,2,1,0)2(10,9,2,1,0)3(11,*10,9,2,1,0)3(12,10,2,1,0)3(13,*12,10,9,2,1,0)4(14,*13,*12,10,9,2,1,0)4","(0)(1,1,1,1)(1,1,1)(2,2,2,1)","141312109210Apply到9210会得到111 2221的类似物，和直接变1111不同"
"(1,0)1(2,1,0)1(3,2,1,0)2(4,3,2,1,0)3(5,*4,3,2,1,0)3(6,4,2,1,0)3(7,*6,4,3,2,1,0)4(8,*7,*6,4,3,2,1,0)4(9,3,2,1,0)3","(0)(1,1,1,1)(1,1,1)(2,2,2,1)(2,1)"
"(1,0)1(2,1,0)1(3,2,1,0)2(4,3,2,1,0)3(5,*4,3,2,1,0)3(6,4,2,1,0)3(7,*6,4,3,2,1,0)4(8,*7,*6,4,3,2,1,0)4(9,3,2,1,0)3(10,*9,3,2,1,0)3","(0)(1,1,1,1)(1,1,1)(2,2,2,1)(2,1,1)"
"(1,0)1(2,1,0)1(3,2,1,0)2(4,3,2,1,0)3(5,*4,3,2,1,0)3(6,4,2,1,0)3(7,*6,4,3,2,1,0)4(8,*7,*6,4,3,2,1,0)4(9,3,2,1,0)3(10,*9,3,2,1,0)3(11,9,2,1,0)3(12,*11,9,3,2,1,0)4","(0)(1,1,1,1)(1,1,1)(2,2,2,1)(2,1,1)(3,1,1)"
"(1,0)1(2,1,0)1(3,2,1,0)2(4,3,2,1,0)3(5,*4,3,2,1,0)3(6,4,2,1,0)3(7,*6,4,3,2,1,0)4(8,*7,*6,4,3,2,1,0)4(9,3,2,1,0)3(10,*9,3,2,1,0)3(11,9,2,1,0)3(12,*11,9,3,2,1,0)4(13,11,2,1,0)3(14,*13,11,3,2,1,0)4","(0)(1,1,1,1)(1,1,1)(2,2,2,1)(2,1,1)(3,1,1)(4,1,1)"
"(1,0)1(2,1,0)1(3,2,1,0)2(4,3,2,1,0)3(5,*4,3,2,1,0)3(6,4,2,1,0)3(7,*6,4,3,2,1,0)4(8,*7,*6,4,3,2,1,0)4(9,3,2,1,0)3(10,*9,3,2,1,0)3(11,9,2,1,0)3(12,*11,9,3,2,1,0)4(13,11,9)1","(0)(1,1,1,1)(1,1,1)(2,2,2,1)(2,1,1)(3,2)"
"(1,0)1(2,1,0)1(3,2,1,0)2(4,3,2,1,0)3(5,*4,3,2,1,0)3(6,4,2,1,0)3(7,*6,4,3,2,1,0)4(8,*7,*6,4,3,2,1,0)4(9,3,2,1,0)3(10,*9,3,2,1,0)3(11,9,2,1,0)3(12,*11,9,3,2,1,0)4(13,*11,9,3,2,1,0)4","(0)(1,1,1,1)(1,1,1)(2,2,2,1)(2,1,1)(3,2,1)"
"(1,0)1(2,1,0)1(3,2,1,0)2(4,3,2,1,0)3(5,*4,3,2,1,0)3(6,4,2,1,0)3(7,*6,4,3,2,1,0)4(8,*7,*6,4,3,2,1,0)4(9,3,2,1,0)3(10,*9,3,2,1,0)3(11,9,2,1,0)3(12,*11,9,3,2,1,0)4(13,12,11,9)2(14,13,12,11,9)3(15,*14,13,12,11,9)3","(0)(1,1,1,1)(1,1,1)(2,2,2,1)(2,1,1)(3,2,2)"
"(1,0)1(2,1,0)1(3,2,1,0)2(4,3,2,1,0)3(5,*4,3,2,1,0)3(6,4,2,1,0)3(7,*6,4,3,2,1,0)4(8,*7,*6,4,3,2,1,0)4(9,3,2,1,0)3(10,*9,3,2,1,0)3(11,9,2,1,0)3(12,*11,9,3,2,1,0)4(13,12,11,9)2(14,13,12,11,9)3(15,*14,13,12,11,9)3(16,14,12,11,9)3(17,*16,14,13,12,11,9)4(18,*17,*16,14,13,12,11,9)4","(0)(1,1,1,1)(1,1,1)(2,2,2,1)(2,1,1)(3,2,2,1)"
"(1,0)1(2,1,0)1(3,2,1,0)2(4,3,2,1,0)3(5,*4,3,2,1,0)3(6,4,2,1,0)3(7,*6,4,3,2,1,0)4(8,*7,*6,4,3,2,1,0)4(9,3,2,1,0)3(10,*9,3,2,1,0)3(11,9,2,1,0)3(12,*11,9,3,2,1,0)4(13,12,11,9)2(14,13,12,11,9)3(15,*14,13,12,11,9)3(16,14,12,11,9)3(17,*16,14,13,12,11,9)4(18,*17,*16,14,13,12,11,9)4(19,11,2,1,0)3(20,*19,11,3,2,1,0)4","(0)(1,1,1,1)(1,1,1)(2,2,2,1)(2,1,1)(3,2,2,1)(3,1,1)"
"(1,0)1(2,1,0)1(3,2,1,0)2(4,3,2,1,0)3(5,*4,3,2,1,0)3(6,4,2,1,0)3(7,*6,4,3,2,1,0)4(8,*7,*6,4,3,2,1,0)4(9,3,2,1,0)3(10,*9,3,2,1,0)3(11,9,2,1,0)3(12,*11,9,3,2,1,0)4(13,12,11,9)2(14,13,12,11,9)3(15,*14,13,12,11,9)3(16,14,12,11,9)3(17,*16,14,13,12,11,9)4(18,*17,*16,14,13,12,11,9)4(19,11,2,1,0)3(20,*19,11,3,2,1,0)4(21,20,19,11)2(22,21,20,19,11)3(23,*22,21,20,19,11)3(24,22,20,19,11)3(25,*24,22,21,20,19,11)4(26,*25,*24,22,21,20,19,11)4","(0)(1,1,1,1)(1,1,1)(2,2,2,1)(2,1,1)(3,2,2,1)(3,1,1)(4,2,2,1)"
"(1,0)1(2,1,0)1(3,2,1,0)2(4,3,2,1,0)3(5,*4,3,2,1,0)3(6,4,2,1,0)3(7,*6,4,3,2,1,0)4(8,*7,*6,4,3,2,1,0)4(9,3,2,1,0)3(10,*9,3,2,1,0)3(11,9,2,1,0)3(12,*11,9,3,2,1,0)4(13,12,11,9)2(14,13,12,11,9)3(15,*14,13,12,11,9)3(16,14,12,11,9)3(17,*16,14,13,12,11,9)4(18,*17,*16,14,13,12,11,9)4(19,11,9)1","(0)(1,1,1,1)(1,1,1)(2,2,2,1)(2,2)"
"(1,0)1(2,1,0)1(3,2,1,0)2(4,3,2,1,0)3(5,*4,3,2,1,0)3(6,4,2,1,0)3(7,*6,4,3,2,1,0)4(8,*7,*6,4,3,2,1,0)4(9,3,2,1,0)3(10,*9,3,2,1,0)3(11,9,2,1,0)3(12,*11,9,3,2,1,0)4(13,12,11,9)2(14,13,12,11,9)3(15,*14,13,12,11,9)3(16,14,12,11,9)3(17,*16,14,13,12,11,9)4(18,*17,*16,14,13,12,11,9)4(19,*11,9,3,2,1,0)4","(0)(1,1,1,1)(1,1,1)(2,2,2,1)(2,2,1)"
"(1,0)1(2,1,0)1(3,2,1,0)2(4,3,2,1,0)3(5,*4,3,2,1,0)3(6,4,2,1,0)3(7,*6,4,3,2,1,0)4(8,*7,*6,4,3,2,1,0)4(9,3,2,1,0)3(10,*9,3,2,1,0)3(11,9,2,1,0)3(12,*11,9,3,2,1,0)4(13,12,11,9)2(14,13,12,11,9)3(15,*14,13,12,11,9)3(16,14,12,11,9)3(17,*16,14,13,12,11,9)4(18,*17,*16,14,13,12,11,9)4(19,*11,9,3,2,1,0)4(20,19,11,9)2(21,20,19,11,9)3(22,*21,20,19,11,9)3(23,21,19,11,9)3(24,*23,21,20,19,11,9)4(25,*24,*23,21,20,19,11,9)4","(0)(1,1,1,1)(1,1,1)(2,2,2,1)(2,2,1)(3,3,2,1)"
"(1,0)1(2,1,0)1(3,2,1,0)2(4,3,2,1,0)3(5,*4,3,2,1,0)3(6,4,2,1,0)3(7,*6,4,3,2,1,0)4(8,*7,*6,4,3,2,1,0)4(9,3,2,1,0)3(10,*9,3,2,1,0)3(11,9,2,1,0)3(12,*11,9,3,2,1,0)4(13,12,11,9)2(14,13,12,11,9)3(15,*14,13,12,11,9)3(16,14,12,11,9)3(17,*16,14,13,12,11,9)4(18,*17,*16,14,13,12,11,9)4(19,12,2,1,0)3","(0)(1,1,1,1)(1,1,1)(2,2,2,1)(2,2,1)(3,3,2,1)(3,1)"
"(1,0)1(2,1,0)1(3,2,1,0)2(4,3,2,1,0)3(5,*4,3,2,1,0)3(6,4,2,1,0)3(7,*6,4,3,2,1,0)4(8,*7,*6,4,3,2,1,0)4(9,3,2,1,0)3(10,*9,3,2,1,0)3(11,9,2,1,0)3(12,*11,9,3,2,1,0)4(13,12,11,9)2(14,13,12,11,9)3(15,*14,13,12,11,9)3(16,14,12,11,9)3(17,*16,14,13,12,11,9)4(18,*17,*16,14,13,12,11,9)4(19,12,2,1,0)3(20,*19,12,3,2,1,0)4","(0)(1,1,1,1)(1,1,1)(2,2,2,1)(2,2,1)(3,3,2,1)(3,1,1)"
"(1,0)1(2,1,0)1(3,2,1,0)2(4,3,2,1,0)3(5,*4,3,2,1,0)3(6,4,2,1,0)3(7,*6,4,3,2,1,0)4(8,*7,*6,4,3,2,1,0)4(9,3,2,1,0)3(10,*9,3,2,1,0)3(11,9,2,1,0)3(12,*11,9,3,2,1,0)4(13,12,11,9)2(14,13,12,11,9)3(15,*14,13,12,11,9)3(16,14,12,11,9)3(17,*16,14,13,12,11,9)4(18,*17,*16,14,13,12,11,9)4(19,12,2,1,0)3(20,*19,12,3,2,1,0)4(21,20,19,12)2(22,21,20,19,12)3(23,*22,21,20,19,12)3(24,22,20,19,12)3(25,*24,22,21,20,19,12)4(26,*25,*24,22,21,20,19,12)4","(0)(1,1,1,1)(1,1,1)(2,2,2,1)(2,2,1)(3,3,2,1)(3,1,1)(4,2,2,1)"
"(1,0)1(2,1,0)1(3,2,1,0)2(4,3,2,1,0)3(5,*4,3,2,1,0)3(6,4,2,1,0)3(7,*6,4,3,2,1,0)4(8,*7,*6,4,3,2,1,0)4(9,3,2,1,0)3(10,*9,3,2,1,0)3(11,9,2,1,0)3(12,*11,9,3,2,1,0)4(13,12,11,9)2(14,13,12,11,9)3(15,*14,13,12,11,9)3(16,14,12,11,9)3(17,*16,14,13,12,11,9)4(18,*17,*16,14,13,12,11,9)4(19,12,11,9)2","(0)(1,1,1,1)(1,1,1)(2,2,2,1)(2,2,1)(3,3,2,1)(3,2)"
"(1,0)1(2,1,0)1(3,2,1,0)2(4,3,2,1,0)3(5,*4,3,2,1,0)3(6,4,2,1,0)3(7,*6,4,3,2,1,0)4(8,*7,*6,4,3,2,1,0)4(9,3,2,1,0)3(10,*9,3,2,1,0)3(11,9,2,1,0)3(12,*11,9,3,2,1,0)4(13,12,11,9)2(14,13,12,11,9)3(15,*14,13,12,11,9)3(16,14,12,11,9)3(17,*16,14,13,12,11,9)4(18,*17,*16,14,13,12,11,9)4(19,12,11,9)2(20,19,12,11,9)3(21,*20,19,12,11,9)3","(0)(1,1,1,1)(1,1,1)(2,2,2,1)(2,2,2)"
"(1,0)1(2,1,0)1(3,2,1,0)2(4,3,2,1,0)3(5,*4,3,2,1,0)3(6,4,2,1,0)3(7,*6,4,3,2,1,0)4(8,*7,*6,4,3,2,1,0)4(9,3,2,1,0)3(10,*9,3,2,1,0)3(11,9,2,1,0)3(12,*11,9,3,2,1,0)4(13,12,11,9)2(14,13,12,11,9)3(15,*14,13,12,11,9)3(16,14,12,11,9)3(17,*16,14,13,12,11,9)4(18,*17,*16,14,13,12,11,9)4(19,12,11,9)2(20,19,12,11,9)3(21,*20,19,12,11,9)3(22,20,12,11,9)3(23,*22,20,19,12,11,9)4(24,*23,*22,20,19,12,11,9)4","(0)(1,1,1,1)(1,1,1)(2,2,2,1)(2,2,2)(3,3,3,1)"
"(1,0)1(2,1,0)1(3,2,1,0)2(4,3,2,1,0)3(5,*4,3,2,1,0)3(6,4,2,1,0)3(7,*6,4,3,2,1,0)4(8,*7,*6,4,3,2,1,0)4(9,3,2,1,0)3(10,*9,3,2,1,0)3(11,9,2,1,0)3(12,*11,9,3,2,1,0)4(13,12,11,9)2(14,13,12,11,9)3(15,*14,13,12,11,9)3(16,14,12,11,9)3(17,*16,14,13,12,11,9)4(18,*17,*16,14,13,12,11,9)4(19,13,12,11,9)3(20,*19,13,12,11,9)3(21,19,12,11,9)3(22,*21,19,13,12,11,9)4","(0)(1,1,1,1)(1,1,1)(2,2,2,1)(2,2,2)(3,3,3,1)(3,3,3)"
"(1,0)1(2,1,0)1(3,2,1,0)2(4,3,2,1,0)3(5,*4,3,2,1,0)3(6,4,2,1,0)3(7,*6,4,3,2,1,0)4(8,*7,*6,4,3,2,1,0)4(9,3,2,1,0)3(10,*9,3,2,1,0)3(11,9,2,1,0)3(12,*11,9,3,2,1,0)4(13,*12,*11,9,3,2,1,0)4","(0)(1,1,1,1)(1,1,1,1)","这里和0 111 111相似,产生了找错坏根的现象"
"(1,0)1(2,1,0)1(3,2,1,0)2(4,3,2,1,0)3(5,*4,3,2,1,0)3(6,4,2,1,0)3(7,*6,4,3,2,1,0)4(8,*7,*6,4,3,2,1,0)4(9,4)1","(0)(1,1,1,1)(2)"
"(1,0)1(2,1,0)1(3,2,1,0)2(4,3,2,1,0)3(5,*4,3,2,1,0)3(6,4,2,1,0)3(7,*6,4,3,2,1,0)4(8,*7,*6,4,3,2,1,0)4(9,4,2,1,0)3","(0)(1,1,1,1)(2,1)"
"(1,0)1(2,1,0)1(3,2,1,0)2(4,3,2,1,0)3(5,*4,3,2,1,0)3(6,4,2,1,0)3(7,*6,4,3,2,1,0)4(8,*7,*6,4,3,2,1,0)4(9,4,2,1,0)3(10,*9,4,3,2,1,0)4","(0)(1,1,1,1)(2,1,1)"
"(1,0)1(2,1,0)1(3,2,1,0)2(4,3,2,1,0)3(5,*4,3,2,1,0)3(6,4,2,1,0)3(7,*6,4,3,2,1,0)4(8,*7,*6,4,3,2,1,0)4(9,4,2,1,0)3(10,*9,4,3,2,1,0)4(11,*10,*9,4,3,2,1,0)4","(0)(1,1,1,1)(2,1,1,1)"
"(1,0)1(2,1,0)1(3,2,1,0)2(4,3,2,1,0)3(5,*4,3,2,1,0)3(6,4,2,1,0)3(7,*6,4,3,2,1,0)4(8,*7,*6,4,3,2,1,0)4(9,6)1","(0)(1,1,1,1)(2,1,1,1)(3)"
"(1,0)1(2,1,0)1(3,2,1,0)2(4,3,2,1,0)3(5,*4,3,2,1,0)3(6,4,2,1,0)3(7,*6,4,3,2,1,0)4(8,*7,*6,4,3,2,1,0)4(9,6,2,1,0)3(10,*9,6,3,2,1,0)4","(0)(1,1,1,1)(2,1,1,1)(3,1,1)"
"(1,0)1(2,1,0)1(3,2,1,0)2(4,3,2,1,0)3(5,*4,3,2,1,0)3(6,4,2,1,0)3(7,*6,4,3,2,1,0)4(8,*7,*6,4,3,2,1,0)4(9,6,2,1,0)3(10,*9,6,3,2,1,0)4(11,*10,*9,6,4,3,2,1,0)5","(0)(1,1,1,1)(2,1,1,1)(3,1,1,1)"
"(1,0)1(2,1,0)1(3,2,1,0)2(4,3,2,1,0)3(5,*4,3,2,1,0)3(6,4,2,1,0)3(7,*6,4,3,2,1,0)4(8,*7,*6,4,3,2,1,0)4(9,6,2,1,0)3(10,*9,6,3,2,1,0)4(11,*10,*9,6,4,3,2,1,0)5(12,6,2,1,0)3(13,*12,6,3,2,1,0)4(14,*13,*12,6,4,3,2,1,0)5","(0)(1,1,1,1)(2,1,1,1)(3,1,1,1)(3,1,1,1)"
"(1,0)1(2,1,0)1(3,2,1,0)2(4,3,2,1,0)3(5,*4,3,2,1,0)3(6,4,2,1,0)3(7,*6,4,3,2,1,0)4(8,*7,*6,4,3,2,1,0)4(9,6,2,1,0)3(10,*9,6,3,2,1,0)4(11,*10,*9,6,4,3,2,1,0)5(12,9,2,1,0)3(13,*12,9,3,2,1,0)4(14,*13,*12,9,4,3,2,1,0)5","(0)(1,1,1,1)(2,1,1,1)(3,1,1,1)(4,1,1,1)"
"(1,0)1(2,1,0)1(3,2,1,0)2(4,3,2,1,0)3(5,*4,3,2,1,0)3(6,4,2,1,0)3(7,*6,4,3,2,1,0)4(8,*7,*6,4,3,2,1,0)4(9,6,2,1,0)3(10,*9,6,3,2,1,0)4(11,*10,*9,6,4,3,2,1,0)5(12,9,6)1","(0)(1,1,1,1)(2,2)"
"(1,0)1(2,1,0)1(3,2,1,0)2(4,3,2,1,0)3(5,*4,3,2,1,0)3(6,4,2,1,0)3(7,*6,4,3,2,1,0)4(8,*7,*6,4,3,2,1,0)4(9,6,2,1,0)3(10,*9,6,3,2,1,0)4(11,*10,*9,6,4,3,2,1,0)5(12,*9,6,3,2,1,0)4","(0)(1,1,1,1)(2,2,1)"
"(1,0)1(2,1,0)1(3,2,1,0)2(4,3,2,1,0)3(5,*4,3,2,1,0)3(6,4,2,1,0)3(7,*6,4,3,2,1,0)4(8,*7,*6,4,3,2,1,0)4(9,6,2,1,0)3(10,*9,6,3,2,1,0)4(11,*10,*9,6,4,3,2,1,0)5(12,*9,6,3,2,1,0)4(13,*9,6,3,2,1,0)4","(0)(1,1,1,1)(2,2,1)(2,2,1)"
"(1,0)1(2,1,0)1(3,2,1,0)2(4,3,2,1,0)3(5,*4,3,2,1,0)3(6,4,2,1,0)3(7,*6,4,3,2,1,0)4(8,*7,*6,4,3,2,1,0)4(9,6,2,1,0)3(10,*9,6,3,2,1,0)4(11,*10,*9,6,4,3,2,1,0)5(12,*9,6,3,2,1,0)4(13,12,9,6)2(14,13,12,9,6)3(15,*14,13,12,9,6)3(16,14,12,9,6)3(17,*16,14,13,12,9,6)4(18,*17,*16,14,13,12,9,6)4","(0)(1,1,1,1)(2,2,1)(3,3,2,1)"
"(1,0)1(2,1,0)1(3,2,1,0)2(4,3,2,1,0)3(5,*4,3,2,1,0)3(6,4,2,1,0)3(7,*6,4,3,2,1,0)4(8,*7,*6,4,3,2,1,0)4(9,6,2,1,0)3(10,*9,6,3,2,1,0)4(11,*10,*9,6,4,3,2,1,0)5(12,*9,6,3,2,1,0)4(13,*12,*9,6,4,3,2,1,0)5","(0)(1,1,1,1)(2,2,1,1)"
"(1,0)1(2,1,0)1(3,2,1,0)2(4,3,2,1,0)3(5,*4,3,2,1,0)3(6,4,2,1,0)3(7,*6,4,3,2,1,0)4(8,*7,*6,4,3,2,1,0)4(9,6,2,1,0)3(10,*9,6,3,2,1,0)4(11,*10,*9,6,4,3,2,1,0)5(12,10)1","(0)(1,1,1,1)(2,2,1,1)(3)"
"(1,0)1(2,1,0)1(3,2,1,0)2(4,3,2,1,0)3(5,*4,3,2,1,0)3(6,4,2,1,0)3(7,*6,4,3,2,1,0)4(8,*7,*6,4,3,2,1,0)4(9,6,2,1,0)3(10,*9,6,3,2,1,0)4(11,*10,*9,6,4,3,2,1,0)5(12,10,2,1,0)3(13,*12,10,3,2,1,0)4(14,*13,*12,10,4,3,2,1,0)5","(0)(1,1,1,1)(2,2,1,1)(3,1,1,1)"
"(1,0)1(2,1,0)1(3,2,1,0)2(4,3,2,1,0)3(5,*4,3,2,1,0)3(6,4,2,1,0)3(7,*6,4,3,2,1,0)4(8,*7,*6,4,3,2,1,0)4(9,6,2,1,0)3(10,*9,6,3,2,1,0)4(11,*10,*9,6,4,3,2,1,0)5(12,10,9,6)2","(0)(1,1,1,1)(2,2,1,1)(3,2)"
"(1,0)1(2,1,0)1(3,2,1,0)2(4,3,2,1,0)3(5,*4,3,2,1,0)3(6,4,2,1,0)3(7,*6,4,3,2,1,0)4(8,*7,*6,4,3,2,1,0)4(9,6,2,1,0)3(10,*9,6,3,2,1,0)4(11,*10,*9,6,4,3,2,1,0)5(12,10,9,6)2(13,12,10,9,6)3","(0)(1,1,1,1)(2,2,1,1)(3,2,1)(4,3)"
"(1,0)1(2,1,0)1(3,2,1,0)2(4,3,2,1,0)3(5,*4,3,2,1,0)3(6,4,2,1,0)3(7,*6,4,3,2,1,0)4(8,*7,*6,4,3,2,1,0)4(9,6,2,1,0)3(10,*9,6,3,2,1,0)4(11,*10,*9,6,4,3,2,1,0)5(12,10,9,6)2(13,12,10,9,6)3(14,*13,12,3,2,1,0)4","(0)(1,1,1,1)(2,2,1,1)(3,2,1)(4,3,1)"
"(1,0)1(2,1,0)1(3,2,1,0)2(4,3,2,1,0)3(5,*4,3,2,1,0)3(6,4,2,1,0)3(7,*6,4,3,2,1,0)4(8,*7,*6,4,3,2,1,0)4(9,6,2,1,0)3(10,*9,6,3,2,1,0)4(11,*10,*9,6,4,3,2,1,0)5(12,10,9,6)2(13,12,10,9,6)3(14,*13,12,3,2,1,0)4(15,*14,*13,12,4,3,2,1,0)5","(0)(1,1,1,1)(2,2,1,1)(3,2,1,1)"
"(1,0)1(2,1,0)1(3,2,1,0)2(4,3,2,1,0)3(5,*4,3,2,1,0)3(6,4,2,1,0)3(7,*6,4,3,2,1,0)4(8,*7,*6,4,3,2,1,0)4(9,6,2,1,0)3(10,*9,6,3,2,1,0)4(11,*10,*9,6,4,3,2,1,0)5(12,10,9,6)2(13,12,10,9,6)3(14,*13,12,3,2,1,0)4(15,*14,*13,12,4,3,2,1,0)5(16,*13,12,3,2,1,0)4(17,*16,*13,12,4,3,2,1,0)5","(0)(1,1,1,1)(2,2,1,1)(3,3,1,1)"
"(1,0)1(2,1,0)1(3,2,1,0)2(4,3,2,1,0)3(5,*4,3,2,1,0)3(6,4,2,1,0)3(7,*6,4,3,2,1,0)4(8,*7,*6,4,3,2,1,0)4(9,6,2,1,0)3(10,*9,6,3,2,1,0)4(11,*10,*9,6,4,3,2,1,0)5(12,10,9,6)2(13,12,10,9,6)3(14,*13,12,3,2,1,0)4(15,*14,*13,12,4,3,2,1,0)5(16,14,13,12)2(17,16,14,13,12)3(18,*17,16,3,2,1,0)4(19,*18,*17,16,4,3,2,1,0)5","(0)(1,1,1,1)(2,2,1,1)(3,3,1,1)(4,3,1,1)"
"(1,0)1(2,1,0)1(3,2,1,0)2(4,3,2,1,0)3(5,*4,3,2,1,0)3(6,4,2,1,0)3(7,*6,4,3,2,1,0)4(8,*7,*6,4,3,2,1,0)4(9,6,2,1,0)3(10,*9,6,3,2,1,0)4(11,*10,*9,6,4,3,2,1,0)5(12,10,9,6)2(13,12,10,9,6)3(14,*13,12,10,9,6)3","(0)(1,1,1,1)(2,2,2)"
"(1,0)1(2,1,0)1(3,2,1,0)2(4,3,2,1,0)3(5,*4,3,2,1,0)3(6,4,2,1,0)3(7,*6,4,3,2,1,0)4(8,*7,*6,4,3,2,1,0)4(9,6,2,1,0)3(10,*9,6,3,2,1,0)4(11,*10,*9,6,4,3,2,1,0)5(12,10,9,6)2(13,12,10,9,6)3(14,*13,12,10,9,6)3(15,10,9,6)2(16,15,10,9,6)3(17,*16,15,10,9,6)3","(0)(1,1,1,1)(2,2,2)(2,2,2)"
"(1,0)1(2,1,0)1(3,2,1,0)2(4,3,2,1,0)3(5,*4,3,2,1,0)3(6,4,2,1,0)3(7,*6,4,3,2,1,0)4(8,*7,*6,4,3,2,1,0)4(9,6,2,1,0)3(10,*9,6,3,2,1,0)4(11,*10,*9,6,4,3,2,1,0)5(12,10,9,6)2(13,12,10,9,6)3(14,*13,12,10,9,6)3(15,13,10,9,6)3(16,*15,13,12,10,9,6)4(17,*16,*15,13,12,10,9,6)4","(0)(1,1,1,1)(2,2,2)(3,3,3,1)"
"(1,0)1(2,1,0)1(3,2,1,0)2(4,3,2,1,0)3(5,*4,3,2,1,0)3(6,4,2,1,0)3(7,*6,4,3,2,1,0)4(8,*7,*6,4,3,2,1,0)4(9,6,2,1,0)3(10,*9,6,3,2,1,0)4(11,*10,*9,6,4,3,2,1,0)5(12,*10,*9,6,4,3,2,1,0)5","(0)(1,1,1,1)(2,2,2,1)","四行传递所在点。这里和(0)(1,1,1)(2,1,1)(3,1,1)到(0)(1,1,1)(2,2,1)一样。"
"(1,0)1(2,1,0)1(3,2,1,0)2(4,3,2,1,0)3(5,*4,3,2,1,0)3(6,4,2,1,0)3(7,*6,4,3,2,1,0)4(8,*7,*6,4,3,2,1,0)4(9,6,2,1,0)3(10,*9,6,3,2,1,0)4(11,*10,*9,6,4,3,2,1,0)5(12,11,10,9,6)3(13,*12,11,10,9,6)3","(0)(1,1,1,1)(2,2,2,1)(3,2,2)"
"(1,0)1(2,1,0)1(3,2,1,0)2(4,3,2,1,0)3(5,*4,3,2,1,0)3(6,4,2,1,0)3(7,*6,4,3,2,1,0)4(8,*7,*6,4,3,2,1,0)4(9,6,2,1,0)3(10,*9,6,3,2,1,0)4(11,*10,*9,6,4,3,2,1,0)5(12,11,10,9,6)3(13,*12,11,10,9,6)3(14,12,10,9,6)3(15,*14,12,11,10,9,6)4","(0)(1,1,1,1)(2,2,2,1)(3,2,2)(3,2,2)"
"(1,0)1(2,1,0)1(3,2,1,0)2(4,3,2,1,0)3(5,*4,3,2,1,0)3(6,4,2,1,0)3(7,*6,4,3,2,1,0)4(8,*7,*6,4,3,2,1,0)4(9,6,2,1,0)3(10,*9,6,3,2,1,0)4(11,*10,*9,6,4,3,2,1,0)5(12,11,10,9,6)3(13,*12,11,10,9,6)3(14,12,10,9,6)3(15,*14,12,11,10,9,6)4(16,*15,*14,12,4,3,2,1,0)5","(0)(1,1,1,1)(2,2,2,1)(3,2,2,1)"
"(1,0)1(2,1,0)1(3,2,1,0)2(4,3,2,1,0)3(5,*4,3,2,1,0)3(6,4,2,1,0)3(7,*6,4,3,2,1,0)4(8,*7,*6,4,3,2,1,0)4(9,6,2,1,0)3(10,*9,6,3,2,1,0)4(11,*10,*9,6,4,3,2,1,0)5(12,11,10,9,6)3(13,*12,11,10,9,6)3(14,12,10,9,6)3(15,*14,12,11,10,9,6)4(16,*15,*14,12,11,10,9,6)4","(0)(1,1,1,1)(2,2,2,2)"
"(1,0)1(2,1,0)1(3,2,1,0)2(4,3,2,1,0)3(5,*4,3,2,1,0)3(6,4,2,1,0)3(7,*6,4,3,2,1,0)4(8,*7,*6,4,3,2,1,0)4(9,6,2,1,0)3(10,*9,6,3,2,1,0)4(11,*10,*9,6,4,3,2,1,0)5(12,*11,*10,*9,6,4,3,2,1,0)5","(0)(1,1,1,1,1)"
"(1,0)1(2,1,0)1(3,2,1,0)2(4,3,2,1,0)3(5,*4,3,2,1,0)3(6,4,2,1,0)3(7,*6,4,3,2,1,0)4(8,*7,*6,4,3,2,1,0)4(9,6,2,1,0)3(10,*9,6,3,2,1,0)4(11,*10,*9,6,4,3,2,1,0)5(12,*11,*10,*9,6,4,3,2,1,0)5(13,9,2,1,0)3(14,*13,9,3,2,1,0)4(15,*14,*13,9,4,3,2,1,0)5(16,*15,*14,*13,9,6,4,3,2,1,0)6(17,*16,*15,*14,*13,9,6,4,3,2,1,0)6","(0)(1,1,1,1,1,1)"
"(1,0)1(2,1,0)1(3,2,1,0)2(4,3,2)1","1-Y(1,3)"
"(1,0)1(2,1,0)1(3,2,1,0)2(4,3,2)1(5,0)1(6,5,0)1(7,6,5,0)2(8,7,6)1","1,3,1,3"
"(1,0)1(2,1,0)1(3,2,1,0)2(4,3,2)1(5,1)1","1,3,2"
"(1,0)1(2,1,0)1(3,2,1,0)2(4,3,2)1(5,1)1(6,5,1)1(7,6,5,1)2","1,3,2,4,6"
"(1,0)1(2,1,0)1(3,2,1,0)2(4,3,2)1(5,1)1(6,5,1)1(7,6,5,1)2(8,7,6,5,1)3(9,8,7)1","1,3,2,4,7"
"(1,0)1(2,1,0)1(3,2,1,0)2(4,3,2)1(5,1)1(6,5,1)1(7,6,5,1)2(8,7,6,5,1)3(9,8,7)1(10,9,8,7)2(11,10,6,5,1)3(12,11,10)1","1,3,2,4,7,11"
"(1,0)1(2,1,0)1(3,2,1,0)2(4,3,2)1(5,1)1(6,5,1)1(7,6,5,1)2(8,7,6,5,1)3(9,*8,7,6,5,1)3","1,3,2,4,8"
"(1,0)1(2,1,0)1(3,2,1,0)2(4,3,2)1(5,1)1(6,5,1)1(7,6,5,1)2(8,7,6)1","1,3,2,5"
"(1,0)1(2,1,0)1(3,2,1,0)2(4,3,2)1(5,1)1(6,5,1)1(7,6,5,1)2(8,7,6)1(9,1)1(10,9,1)1(11,10,9,1)2(12,11,10)1","1,3,2,5,2,5"
"(1,0)1(2,1,0)1(3,2,1,0)2(4,3,2)1(5,1)1(6,5,1)1(7,6,5,1)2(8,7,6)1(9,5)1","1,3,2,5,3"
"(1,0)1(2,1,0)1(3,2,1,0)2(4,3,2)1(5,1)1(6,5,1)1(7,6,5,1)2(8,7,6)1(9,5)1(10,9,5)1(11,10,9,5)2(12,11,10)1","1,3,2,5,3,6"
"(1,0)1(2,1,0)1(3,2,1,0)2(4,3,2)1(5,1,0)1","1,3,2,5,4"
"(1,0)1(2,1,0)1(3,2,1,0)2(4,3,2)1(5,1,0)1(6,5,1,0)2(7,6,5,1,0)3(8,7,6)1","1,3,2,5,4,7"
"(1,0)1(2,1,0)1(3,2,1,0)2(4,3,2)1(5,1,0)1(6,5,1,0)2(7,6,5,1,0)3(8,7,6)1(9,8,7,6)2(10,9,5,1,0)3(11,10,9)1","1,3,2,5,4,7,11"
"(1,0)1(2,1,0)1(3,2,1,0)2(4,3,2)1(5,1,0)1(6,5,1,0)2(7,6,5,1,0)3(8,*7,6,5,1,0)3","1,3,2,5,4,8"
"(1,0)1(2,1,0)1(3,2,1,0)2(4,3,2)1(5,1,0)1(6,5,1,0)2(7,6,5)1","1,3,2,5,4,9"
"(1,0)1(2,1,0)1(3,2,1,0)2(4,3,2)1(5,2)1","1,3,2,5,4,9,5"
"(1,0)1(2,1,0)1(3,2,1,0)2(4,3,2)1(5,2,1,0)2","1,3,2,5,4,9,6","记住这个5210"
"(1,0)1(2,1,0)1(3,2,1,0)2(4,3,2)1(5,2,1,0)2(6,5,2,1,0)3(7,6,5)1","1,3,2,5,4,9,6,9"
"(1,0)1(2,1,0)1(3,2,1,0)2(4,3,2)1(5,2,1,0)2(6,5,2,1,0)3(7,6,5)1(8,7,6,5)2(9,8,7,6,5)3(10,*9,8,7,6,5)3","1,3,2,5,4,9,6,10"
"(1,0)1(2,1,0)1(3,2,1,0)2(4,3,2)1(5,2,1,0)2(6,5,2,1,0)3(7,6,5)1(8,7,6,5)2(9,8,7,6,5)3(10,*9,8,7,6,5)3(11,9,7,6,5)3(12,*11,9,8,7,6,5)4(13,*12,*11,9,8,7,6,5)4","1,3,2,5,4,9,6,10,18"
"(1,0)1(2,1,0)1(3,2,1,0)2(4,3,2)1(5,2,1,0)2(6,5,2,1,0)3(7,6,5)1(8,7,6,5)2(9,8,7)1","1,3,2,5,4,9,6,11"
"(1,0)1(2,1,0)1(3,2,1,0)2(4,3,2)1(5,2,1,0)2(6,5,2,1,0)3(7,6,5)1(8,7,6,5)2(9,8,7)1(10,6,5)1","1,3,2,5,4,9,7(1,3,2,5,4,9,6,11,9)"
"(1,0)1(2,1,0)1(3,2,1,0)2(4,3,2)1(5,2,1,0)2(6,5,2,1,0)3(7,6,5)1(8,7,6,5)2(9,8,7)1(10,6,5)1(11,10,6,5)2(12,11,10)1","1,3,2,5,4,9,7,13"
"(1,0)1(2,1,0)1(3,2,1,0)2(4,3,2)1(5,2,1,0)2(6,5,2,1,0)3(7,6,5)1(8,7,6,5)2(9,8,7)1(10,7)1","1,3,2,5,4,9,7,13,8"
"(1,0)1(2,1,0)1(3,2,1,0)2(4,3,2)1(5,2,1,0)2(6,5,2,1,0)3(7,6,5)1(8,7,6,5)2(9,8,7)1(10,7,2,1,0)3","1,3,2,5,4,9,7,13,9"
"(1,0)1(2,1,0)1(3,2,1,0)2(4,3,2)1(5,2,1,0)2(6,5,2,1,0)3(7,6,5)1(8,7,6,5)2(9,8,7)1(10,7,2,1,0)3(11,10,7)1(12,11,10,7)2(13,12,11)1","1,3,2,5,4,9,7,13,9,14"
"(1,0)1(2,1,0)1(3,2,1,0)2(4,3,2)1(5,2,1,0)2(6,5,2,1,0)3(7,6,5)1(8,7,6,5)2(9,8,7)1(10,7,6,5)2","1,3,2,5,4,9,7,13,10"
"(1,0)1(2,1,0)1(3,2,1,0)2(4,3,2)1(5,2,1,0)2(6,5,2,1,0)3(7,*6,5,2,1,0)3","1,3,2,5,4,9,8","这里的6被765210提升到了8。"
"(1,0)1(2,1,0)1(3,2,1,0)2(4,3,2)1(5,2,1,0)2(6,5,2)1","1,3,2,5,4,9,8,17"
"(1,0)1(2,1,0)1(3,2,1,0)2(4,3,2)1(5,3)1","1,3,2,5,4,9,8,17,9"
"(1,0)1(2,1,0)1(3,2,1,0)2(4,3,2)1(5,3,2,1,0)3","1,3,2,5,4,9,8,17,10"
"(1,0)1(2,1,0)1(3,2,1,0)2(4,3,2)1(5,3,2,1,0)3(6,*5,3,2,1,0)3(7,5,3)1","1,3,2,5,4,9,8,17,16,33"
"(1,0)1(2,1,0)1(3,2,1,0)2(4,3,2)1(5,3,2)1","1,3,3","这里的难点是1,3,3中+3的进位。"
"(1,0)1(2,1,0)1(3,2,1,0)2(4,3,2)1(5,3,2)1(6,2,1,0)2(7,6,2)1(8,6,2)1","1,3,3,2,5,5,4,9,9,8,17,17"
"(1,0)1(2,1,0)1(3,2,1,0)2(4,3,2)1(5,3,2)1(6,3)1","1,3,3,2,5,5,4,9,9,8,17,17,9"
"(1,0)1(2,1,0)1(3,2,1,0)2(4,3,2)1(5,3,2)1(6,3,2,1,0)3","1,3,3,2,5,5,4,9,9,8,17,17,10"
"(1,0)1(2,1,0)1(3,2,1,0)2(4,3,2)1(5,3,2)1(6,3,2,1,0)3(7,*6,3,2,1,0)3(8,6,2,1,0)3(9,*8,6,3,2,1,0)4(10,*9,*8,6,3,2,1,0)4","1,3,3,2,5,5,4,9,9,8,17,17,16"
"(1,0)1(2,1,0)1(3,2,1,0)2(4,3,2)1(5,3,2)1(6,3,2)1","1,3,3"
"(1,0)1(2,1,0)1(3,2,1,0)2(4,3,2)1(5,4)1","1,3,4"
"(1,0)1(2,1,0)1(3,2,1,0)2(4,3,2)1(5,4)1(6,2,1,0)2","1,3,4,2,5,6,4"
"(1,0)1(2,1,0)1(3,2,1,0)2(4,3,2)1(5,4)1(6,2,1,0)2(7,6,2)1(8,7)1","1,3,4,2,5,6,4,9,10,8,17,18"
"(1,0)1(2,1,0)1(3,2,1,0)2(4,3,2)1(5,4)1(6,3,2,1,0)3(7,*6,3,2,1,0)3(8,6,3)1","1,3,4,2,5,6,4,9,10,8,17,18,16,33"
"(1,0)1(2,1,0)1(3,2,1,0)2(4,3,2)1(5,4)1(6,3,2)1","1,3,4,2,5,6,5"
"(1,0)1(2,1,0)1(3,2,1,0)2(4,3,2)1(5,4,2,1,0)3","1,3,4,2,5,7","目前为止这都没什么问题"
"(1,0)1(2,1,0)1(3,2,1,0)2(4,3,2)1(5,4,2,1,0)3(6,1,0)1","1,3,4,2,5,7,4"
"(1,0)1(2,1,0)1(3,2,1,0)2(4,3,2)1(5,4,2,1,0)3(6,2,1,0)2","1,3,4,2,5,7,4,9,11,6"
"(1,0)1(2,1,0)1(3,2,1,0)2(4,3,2)1(5,4,2,1,0)3(6,2,1,0)2(7,6,2,1,0)3","1,3,4,2,5,7,4,9,11,6,8"
"(1,0)1(2,1,0)1(3,2,1,0)2(4,3,2)1(5,4,2,1,0)3(6,2,1,0)2(7,6,2,1,0)3(8,7,6)1","1,3,4,2,5,7,4,9,11,6,9"
"(1,0)1(2,1,0)1(3,2,1,0)2(4,3,2)1(5,4,2,1,0)3(6,2,1,0)2(7,6,2,1,0)3(8,7,6)1(9,8,7,6)2(10,9,8)1(11,10,2,1,0)3(12,9,8)1","1,3,4,2,5,7,4,9,11,9","这里有一个错层"
"(1,0)1(2,1,0)1(3,2,1,0)2(4,3,2)1(5,4,2,1,0)3(6,2,1,0)2(7,6,2,1,0)3(8,7,6)1(9,8,7,6)2(10,9,8)1(11,10,8,7,6)3","1,3,4,2,5,7,4,9,12"
"(1,0)1(2,1,0)1(3,2,1,0)2(4,3,2)1(5,4,2,1,0)3(6,2,1,0)2(7,6,2,1,0)3(8,*7,6,2,1,0)3","1,3,4,2,5,7,4,9,12,8","这里的876210不小心把6210提了"
"(1,0)1(2,1,0)1(3,2,1,0)2(4,3,2)1(5,4,2,1,0)3(6,2,1,0)2(7,6,2)1","1,3,4,2,5,7,4,9,12,8,17"
"(1,0)1(2,1,0)1(3,2,1,0)2(4,3,2)1(5,4,2,1,0)3(6,2,1,0)2(7,6,2)1(8,7,2,1,0)3","1,3,4,2,5,7,4,9,12,8,17,19"
"(1,0)1(2,1,0)1(3,2,1,0)2(4,3,2)1(5,4,2,1,0)3(6,2,1,0)2(7,6,2)1(8,7,2,1,0)3(9,2,1,0)2(10,9,2)1(11,10,2,1,0)3","1,3,4,2,5,7,4,9,12,8,17,20,8,17,19"
"(1,0)1(2,1,0)1(3,2,1,0)2(4,3,2)1(5,4,2,1,0)3(6,3)1","1,3,4,2,5,7,4,9,12,8,17,20,9"
"(1,0)1(2,1,0)1(3,2,1,0)2(4,3,2)1(5,4,2,1,0)3(6,3,2,1,0)3","1,3,4,2,5,7,4,9,12,8,17,20,10"
"(1,0)1(2,1,0)1(3,2,1,0)2(4,3,2)1(5,4,2,1,0)3(6,3,2,1,0)3(7,6,3)1","1,3,4,2,5,7,4,9,12,8,17,20,10,13"
"(1,0)1(2,1,0)1(3,2,1,0)2(4,3,2)1(5,4,2,1,0)3(6,3,2,1,0)3(7,*6,3,2,1,0)3","1,3,4,2,5,7,4,9,12,8,17,20,12"
"(1,0)1(2,1,0)1(3,2,1,0)2(4,3,2)1(5,4,2,1,0)3(6,3,2,1,0)3(7,*6,3,2,1,0)3(8,6,2,1,0)3(9,*8,6,3,2,1,0)4(10,*9,*8,6,3,2,1,0)4","1,3,4,2,5,7,4,9,12,8,17,20,16"
"(1,0)1(2,1,0)1(3,2,1,0)2(4,3,2)1(5,4,2,1,0)3(6,3,2,1,0)3(7,*6,3,2,1,0)3(8,6,3)1","1,3,4,2,5,7,4,9,12,8,17,20,16,33"
"(1,0)1(2,1,0)1(3,2,1,0)2(4,3,2)1(5,4,2,1,0)3(6,3,2,1,0)3(7,*6,3,2,1,0)3(8,6,3)1(9,8,2,1,0)3","1,3,4,2,5,7,4,9,12,8,17,20,16,33,35"
"(1,0)1(2,1,0)1(3,2,1,0)2(4,3,2)1(5,4,2,1,0)3(6,3,2,1,0)3(7,*6,3,2,1,0)3(8,6,3)1(9,8,2,1,0)3(10,6,2,1,0)3(11,*10,6,3,2,1,0)4(12,*11,*10,6,3,2,1,0)4(13,10,6)1(14,13,2,1,0)3","1,3,4,2,5,7,4,9,12,8,17,20,16,33,36,32,65,67"
"(1,0)1(2,1,0)1(3,2,1,0)2(4,3,2)1(5,4,2,1,0)3(6,3,2,1,0)3(7,*6,3,2,1,0)3(8,6,3)1(9,8,2,1,0)3(10,6,3)1","1,3,4,2,5,7,4,9,12,9"
"(1,0)1(2,1,0)1(3,2,1,0)2(4,3,2)1(5,4,2,1,0)3(6,3,2,1,0)3(7,*6,3,2,1,0)3(8,6,3)1(9,8,2,1,0)3(10,6,3)1(11,10,2,1,0)3","1,3,4,2,5,7,4,9,12,9,11"
"(1,0)1(2,1,0)1(3,2,1,0)2(4,3,2)1(5,4,2,1,0)3(6,3,2,1,0)3(7,*6,3,2,1,0)3(8,6,3)1(9,8,2,1,0)3(10,8)","1,3,4,2,5,7,4,9,12,10"
"(1,0)1(2,1,0)1(3,2,1,0)2(4,3,2)1(5,4,2,1,0)3(6,3,2,1,0)3(7,*6,3,2,1,0)3(8,6,3)1(9,8,2,1,0)3(10,8,2,1,0)3","1,3,4,2,5,7,4,9,12,11"
"(1,0)1(2,1,0)1(3,2,1,0)2(4,3,2)1(5,4,2,1,0)3(6,3,2,1,0)3(7,*6,3,2,1,0)3(8,6,3)1(9,8,2,1,0)3(10,9)1","1,3,4,2,5,7,4,9,12,13"
"(1,0)1(2,1,0)1(3,2,1,0)2(4,3,2)1(5,4,2,1,0)3(6,3,2,1,0)3(7,*6,3,2,1,0)3(8,6,3)1(9,8,2,1,0)3(10,9,8)1(11,10,9,8)2(12,11,10)1","1,3,4,2,5,7,4,9,12,18"
"(1,0)1(2,1,0)1(3,2,1,0)2(4,3,2)1(5,4,2,1,0)3(6,3,2,1,0)3(7,*6,3,2,1,0)3(8,6,3)1(9,8,2,1,0)3(10,*9,8,3,2,1,0)4","1,3,4,2,5,7,4,9,13"
"(1,0)1(2,1,0)1(3,2,1,0)2(4,3,2)1(5,4,2,1,0)3(6,3,2,1,0)3(7,*6,3,2,1,0)3(8,6,3)1(9,8,2,1,0)3(10,*9,8,3,2,1,0)4(11,2,1,0)2(12,11,2)1","1,3,4,2,5,7,4,9,13,8,17"
"(1,0)1(2,1,0)1(3,2,1,0)2(4,3,2)1(5,4,2,1,0)3(6,3,2,1,0)3(7,*6,3,2,1,0)3(8,6,3)1(9,8,2,1,0)3(10,*9,8,3,2,1,0)4(11,2,1,0)2(12,11,2)1(13,12,2,1,0)3(14,11,2,1,0)3(15,*14,11,2,1,0)3(16,14,11)1(17,16,2,1,0)3(18,*17,16,11,2,1,0)4","1,3,4,2,5,7,4,9,13,8,17,21"
"(1,0)1(2,1,0)1(3,2,1,0)2(4,3,2)1(5,4,2,1,0)3(6,3,2,1,0)3(7,*6,3,2,1,0)3(8,6,3)1(9,8,2,1,0)3(10,*9,8,3,2,1,0)4(11,6,2,1,0)3(12,*11,6,3,2,1,0)4(13,*12,*11,6,3,2,1,0)4(14,11,6)1(15,14,2,1,0)3(16,*15,14,3,2,1,0)4(17,*16,*15,14,6,3,2,1,0)5","1,3,4,2,5,7,4,9,13,8,17,25"
"(1,0)1(2,1,0)1(3,2,1,0)2(4,3,2)1(5,4,2,1,0)3(6,3,2)1","1,3,4,2,5,7,5","这里的7，被98210 10983210提升到了13(3-row式)"
"(1,0)1(2,1,0)1(3,2,1,0)2(4,3,2)1(5,4,2,1,0)3(6,4,2,1,0)3","1,3,4,2,5,7,7"
"(1,0)1(2,1,0)1(3,2,1,0)2(4,3,2)1(5,4,2,1,0)3(6,5,2,1,0)3","1,3,4,2,5,7,9"
"(1,0)1(2,1,0)1(3,2,1,0)2(4,3,2)1(5,4,2,1,0)3(6,5,4)1","1,3,4,2,5,7,10"